 -0.43205769E-01  0.43205641E-01  0.12792292E-06  0.54115529E-16  0.00000000E+00  0.00000000E+00  0.00000000E+00  0.00000000E+00  0.00000000E+00  0.00000000E+00  0.00000000E+00
  0.22493542E-01 -0.63208144E-01  0.40714377E-01  0.22564839E-06  0.21646211E-15  0.00000000E+00  0.00000000E+00  0.00000000E+00  0.00000000E+00  0.00000000E+00  0.00000000E+00
  0.15201234E-06  0.24106101E-01 -0.62976531E-01  0.38869793E-01  0.48493797E-06  0.38422025E-14  0.00000000E+00  0.00000000E+00  0.00000000E+00  0.00000000E+00  0.00000000E+00
  0.60237463E-16  0.28165603E-06  0.26362594E-01 -0.64801527E-01  0.38436732E-01  0.19191819E-05  0.10969218E-12  0.00000000E+00  0.00000000E+00  0.00000000E+00  0.00000000E+00
  0.40286423E-29  0.46895604E-15  0.66742147E-06  0.30022417E-01 -0.74886141E-01  0.44855183E-01  0.78742834E-05  0.34233483E-12  0.00000000E+00  0.00000000E+00  0.00000000E+00
  0.18580407E-44  0.20606983E-26  0.20999552E-13  0.39330409E-05  0.40427071E-01 -0.80862055E-01  0.40427118E-01  0.39330729E-05  0.20996825E-13  0.00000000E+00  0.00000000E+00
  0.41198807E-63  0.44729930E-41  0.34892525E-24  0.34235148E-12  0.78743055E-05  0.44855229E-01 -0.74886219E-01  0.30022448E-01  0.66742343E-06  0.48703976E-15  0.00000000E+00
  0.90097328E-88  0.27412382E-61  0.46387050E-40  0.68095741E-24  0.10968097E-12  0.19191970E-05  0.38436762E-01 -0.64801534E-01  0.26362571E-01  0.28165393E-06  0.54115529E-16
  0.74817762E-118  0.99306965E-87  0.56630425E-61  0.19401862E-40  0.34770648E-25  0.38321441E-14  0.48493711E-06  0.38869764E-01 -0.62976471E-01  0.24106071E-01  0.15201111E-06
  0.20715268E-153  0.16156241E-117  0.41712021E-87  0.44747650E-62  0.11935305E-42  0.11393521E-27  0.19407241E-15  0.22564651E-06  0.40714340E-01 -0.63208090E-01  0.22493524E-01
  0.14943170E-194  0.85872645E-154  0.12551982E-118  0.52558911E-89  0.25804077E-65  0.26480092E-46  0.79494157E-30  0.31674513E-16  0.12792202E-06  0.43205619E-01 -0.43205747E-01
