  0.95784465E+00  0.41509812E-01  0.64131145E-03  0.42162822E-05  0.10353481E-07  0.76312075E-12  0.48605616E-16  0.53632411E-21  0.12830060E-26  0.26879702E-34  0.14760676E-43
  0.21610668E-01  0.93898512E+00  0.38825495E-01  0.57496030E-03  0.37489040E-05  0.10923101E-07  0.25667703E-11  0.94748799E-16  0.80640128E-21  0.18892170E-26  0.16252866E-34
  0.19778948E-03  0.22987740E-01  0.93922389E+00  0.37044430E-01  0.54198603E-03  0.41490872E-05  0.11545889E-07  0.28964223E-11  0.91885095E-16  0.78470273E-21  0.15238699E-26
  0.88410653E-06  0.23106563E-03  0.25124590E-01  0.93754642E+00  0.36467770E-01  0.62484281E-03  0.44133267E-05  0.92940409E-08  0.20834553E-11  0.62831571E-16  0.45660697E-21
  0.17178230E-08  0.11815352E-05  0.28750983E-03  0.28484535E-01  0.92826229E+00  0.42299380E-01  0.66161013E-03  0.34890464E-05  0.63507846E-08  0.12135989E-11  0.28599516E-16
  0.32855665E-12  0.32278427E-08  0.20116596E-05  0.44231980E-03  0.38123613E-01  0.92286406E+00  0.38123657E-01  0.44232080E-03  0.20116625E-05  0.32278439E-08  0.32855761E-12
  0.28599649E-16  0.12135993E-11  0.63507820E-08  0.34890422E-05  0.66161005E-03  0.42299423E-01  0.92826222E+00  0.28484563E-01  0.28750987E-03  0.11815339E-05  0.17178197E-08
  0.45661076E-21  0.62831804E-16  0.20834559E-11  0.92940372E-08  0.44133299E-05  0.62484394E-03  0.36467797E-01  0.93754642E+00  0.25124568E-01  0.23106514E-03  0.88410394E-06
  0.15238836E-26  0.78470424E-21  0.91885039E-16  0.28964188E-11  0.11545891E-07  0.41490917E-05  0.54198603E-03  0.37044403E-01  0.93922395E+00  0.22987712E-01  0.19778908E-03
  0.16223338E-34  0.18891752E-26  0.80639596E-21  0.94748412E-16  0.25667753E-11  0.10923104E-07  0.37489007E-05  0.57495935E-03  0.38825462E-01  0.93898517E+00  0.21610652E-01
  0.13770325E-43  0.26653197E-34  0.12829343E-26  0.53631583E-21  0.48605488E-16  0.76312266E-12  0.10353466E-07  0.42162730E-05  0.64131056E-03  0.41509792E-01  0.95784467E+00
