  0.98919856E+00  0.10801410E-01  0.31980730E-07  0.13528882E-16  0.00000000E+00  0.00000000E+00  0.00000000E+00  0.00000000E+00  0.00000000E+00  0.00000000E+00  0.00000000E+00
  0.56233855E-02  0.98419796E+00  0.10178594E-01  0.56412097E-07  0.54115529E-16  0.00000000E+00  0.00000000E+00  0.00000000E+00  0.00000000E+00  0.00000000E+00  0.00000000E+00
  0.38003086E-07  0.60265252E-02  0.98425587E+00  0.97174483E-02  0.12123449E-06  0.96055063E-15  0.00000000E+00  0.00000000E+00  0.00000000E+00  0.00000000E+00  0.00000000E+00
  0.15059366E-16  0.70414008E-07  0.65906486E-02  0.98379962E+00  0.96091831E-02  0.47979548E-06  0.27423044E-13  0.00000000E+00  0.00000000E+00  0.00000000E+00  0.00000000E+00
  0.10071606E-29  0.11723901E-15  0.16685537E-06  0.75056043E-02  0.98127846E+00  0.11213796E-01  0.19685709E-05  0.85583709E-13  0.00000000E+00  0.00000000E+00  0.00000000E+00
  0.46451016E-45  0.51517458E-27  0.52498879E-14  0.98326023E-06  0.10106768E-01  0.97978449E+00  0.10106780E-01  0.98326823E-06  0.52492063E-14  0.00000000E+00  0.00000000E+00
  0.10299702E-63  0.11182483E-41  0.87231312E-25  0.85587871E-13  0.19685764E-05  0.11213807E-01  0.98127845E+00  0.75056120E-02  0.16685586E-06  0.12175994E-15  0.00000000E+00
  0.22524332E-88  0.68530954E-62  0.11596762E-40  0.17023935E-24  0.27420243E-13  0.47979925E-06  0.96091905E-02  0.98379962E+00  0.65906427E-02  0.70413482E-07  0.13528882E-16
  0.18704441E-118  0.24826741E-87  0.14157606E-61  0.48504656E-41  0.86926621E-26  0.95803602E-15  0.12123428E-06  0.97174409E-02  0.98425588E+00  0.60265177E-02  0.38002777E-07
  0.51788171E-154  0.40390603E-118  0.10428005E-87  0.11186913E-62  0.29838262E-43  0.28483802E-28  0.48518102E-16  0.56411626E-07  0.10178585E-01  0.98419798E+00  0.56233811E-02
  0.37357924E-195  0.21468161E-154  0.31379955E-119  0.13139728E-89  0.64510191E-66  0.66200229E-47  0.19873539E-30  0.79186282E-17  0.31980506E-07  0.10801405E-01  0.98919856E+00
