  0.37518293E-02
  0.37529303E-02
  0.37540634E-02
  0.17108044E-01
  0.37545847E-02
  0.17113065E-01
  0.37540634E-02
  0.17118232E-01
  0.10108614E+00
  0.37529303E-02
  0.17120609E-01
  0.10111581E+00
  0.37518293E-02
  0.17118232E-01
  0.10114634E+00
  0.17108044E-01
  0.17113065E-01
  0.10116038E+00
  0.17113065E-01
  0.17108044E-01
  0.10114634E+00
  0.17118232E-01
  0.37518293E-02
  0.10111581E+00
  0.17120609E-01
  0.37529303E-02
  0.10108614E+00
  0.17118232E-01
  0.37540634E-02
  0.17113065E-01
  0.37545847E-02
  0.17108044E-01
  0.37540634E-02
  0.37529303E-02
  0.37518293E-02
