 -0.24094654E+01
 -0.21032105E+01
 -0.18030070E+01
 -0.15107508E+01
 -0.14312153E+01
 -0.12303097E+01
 -0.11249604E+01
 -0.97825015E+00
 -0.82475691E+00
 -0.72619075E+00
 -0.53250067E+00
 -0.45296516E+00
 -0.44574971E+00
 -0.25205954E+00
 -0.15349340E+00
 -0.14671022E+00
 -0.22913668E-07
  0.14671016E+00
  0.15349322E+00
  0.25205937E+00
  0.44574945E+00
  0.45296516E+00
  0.53250042E+00
  0.72619059E+00
  0.82475673E+00
  0.97825011E+00
  0.11249603E+01
  0.12303095E+01
  0.14312153E+01
  0.15107505E+01
  0.18030069E+01
  0.21032104E+01
  0.24094654E+01
