  0.37886443E+00  0.45202244E-02  0.20351958E-04  0.47696195E+00  0.40910793E-07  0.56906241E-02  0.31259884E-10  0.25621591E-04  0.12454761E+00  0.73689787E-15  0.51503626E-07  0.14859753E-02  0.66002237E-20  0.39353854E-10  0.66904877E-05  0.66756371E-02  0.92769924E-15  0.13448984E-07  0.79646902E-04  0.83091875E-20  0.10276351E-10  0.35860396E-06  0.11074950E-02  0.24224726E-15  0.72085313E-09  0.13213502E-04  0.21697527E-20  0.55080294E-12  0.59492763E-07  0.12984230E-16  0.11959027E-09  0.11629674E-21  0.91378771E-13  0.21540970E-17  0.19293748E-22
  0.45196951E-02  0.37436524E+00  0.44997589E-02  0.56899578E-02  0.20309548E-04  0.47129781E+00  0.40874757E-07  0.56648596E-02  0.14858013E-02  0.31255565E-10  0.25568201E-04  0.12306855E+00  0.73684883E-15  0.51458258E-07  0.14792474E-02  0.79637576E-04  0.39348416E-10  0.66765460E-05  0.65963609E-02  0.92763751E-15  0.13437137E-07  0.79286297E-04  0.13211955E-04  0.10274931E-10  0.35785670E-06  0.10943430E-02  0.24223114E-15  0.72021816E-09  0.13153678E-04  0.55072684E-12  0.59368792E-07  0.12983366E-16  0.11948493E-09  0.91366144E-13  0.21539536E-17
  0.20347910E-04  0.44993897E-02  0.37436538E+00  0.25616496E-04  0.44995773E-02  0.56643947E-02  0.20307879E-04  0.47129799E+00  0.66891571E-05  0.40871455E-07  0.56646310E-02  0.14791261E-02  0.31253758E-10  0.25566099E-04  0.12306860E+00  0.35853264E-06  0.51454102E-07  0.14791877E-02  0.79279791E-04  0.39346141E-10  0.66759973E-05  0.65963634E-02  0.59480931E-07  0.13436052E-07  0.79283097E-04  0.13152598E-04  0.10274337E-10  0.35782729E-06  0.10943434E-02  0.72015999E-09  0.13153147E-04  0.55069500E-12  0.59363913E-07  0.11947528E-09  0.91360862E-13
  0.45977650E-01  0.54855848E-03  0.24698418E-05  0.56507340E+00  0.49647895E-08  0.67418802E-02  0.37935892E-11  0.30354790E-04  0.35287534E+00  0.89427323E-16  0.61018136E-07  0.42101491E-02  0.80097984E-21  0.46623878E-10  0.18955868E-04  0.20066313E-01  0.10990775E-14  0.38104422E-07  0.23941080E-03  0.98441831E-20  0.29115540E-10  0.10779285E-05  0.41644249E-02  0.68634864E-15  0.21668141E-08  0.49685675E-04  0.61474659E-20  0.16556598E-11  0.22370588E-06  0.39029325E-16  0.44968572E-09  0.34957663E-21  0.34360428E-12  0.80998784E-17  0.72548736E-22
  0.40901007E-07  0.20307052E-04  0.44993927E-02  0.51491306E-07  0.37436557E+00  0.25565058E-04  0.44993899E-02  0.56643985E-02  0.13445767E-07  0.20307058E-04  0.47129822E+00  0.66757252E-05  0.40901007E-07  0.56643950E-02  0.14791271E-02  0.72068070E-09  0.25565066E-04  0.12306866E+00  0.35781271E-06  0.51491306E-07  0.14791261E-02  0.79279844E-04  0.11956166E-09  0.66757273E-05  0.65963666E-02  0.59361494E-07  0.13445767E-07  0.79279795E-04  0.13152607E-04  0.35781282E-06  0.10943440E-02  0.72068070E-09  0.13152599E-04  0.59361512E-07  0.11956166E-09
  0.54849425E-03  0.45431644E-01  0.54607486E-03  0.67410907E-02  0.24646951E-05  0.55836290E+00  0.49604161E-08  0.67113561E-02  0.42096561E-02  0.37930650E-11  0.30291536E-04  0.34868479E+00  0.89421372E-16  0.60964387E-07  0.41910875E-02  0.23938277E-03  0.46617436E-10  0.18916367E-04  0.19828016E-01  0.10990044E-14  0.38070857E-07  0.23832686E-03  0.49679857E-04  0.29111517E-10  0.10756823E-05  0.41149704E-02  0.68630296E-15  0.21649054E-08  0.49460721E-04  0.16554310E-11  0.22323972E-06  0.39026728E-16  0.44928961E-09  0.34355680E-12  0.80993393E-17
  0.31253738E-10  0.40871417E-07  0.20307879E-04  0.39346116E-10  0.44995745E-02  0.51454054E-07  0.37436538E+00  0.25566099E-04  0.10274331E-10  0.44993938E-02  0.56646275E-02  0.13436040E-07  0.20347923E-04  0.47129799E+00  0.66759973E-05  0.55069464E-12  0.56644000E-02  0.14791868E-02  0.72015932E-09  0.25616512E-04  0.12306860E+00  0.35782729E-06  0.91360803E-13  0.14791274E-02  0.79283048E-04  0.11947517E-09  0.66891613E-05  0.65963634E-02  0.59363913E-07  0.79279864E-04  0.13153139E-04  0.35853287E-06  0.10943434E-02  0.13152610E-04  0.59480969E-07
  0.24693506E-05  0.54603005E-03  0.45431661E-01  0.30348753E-04  0.54605282E-03  0.67108053E-02  0.24644925E-05  0.55836311E+00  0.18952098E-04  0.49600155E-08  0.67110852E-02  0.41907435E-02  0.37928457E-11  0.30289047E-04  0.34868492E+00  0.10777141E-05  0.60959463E-07  0.41909183E-02  0.23830730E-03  0.46614741E-10  0.18914813E-04  0.19828024E-01  0.22366139E-06  0.38067782E-07  0.23831724E-03  0.49456662E-04  0.29109833E-10  0.10755939E-05  0.41149720E-02  0.21647305E-08  0.49458725E-04  0.16553353E-11  0.22322137E-06  0.44925332E-09  0.34353694E-12
  0.14086740E-01  0.16806864E-03  0.75671592E-06  0.50257275E-01  0.15211239E-08  0.59961861E-03  0.11622888E-11  0.26997360E-05  0.85946910E+00  0.27398953E-16  0.54269148E-08  0.10254310E-01  0.24540609E-21  0.41466986E-11  0.46169230E-04  0.50257275E-01  0.97751269E-16  0.92807770E-07  0.59961861E-03  0.87553550E-21  0.70914296E-10  0.26997360E-05  0.14086740E-01  0.16716823E-14  0.54269148E-08  0.16806864E-03  0.14972871E-19  0.41466986E-11  0.75671592E-06  0.97751269E-16  0.15211239E-08  0.87553550E-21  0.11622888E-11  0.27398953E-16  0.24540609E-21
  0.73684899E-15  0.31255565E-10  0.40874795E-07  0.92763771E-15  0.20309555E-04  0.39348417E-10  0.44997631E-02  0.51458306E-07  0.24223119E-15  0.37436524E+00  0.25568209E-04  0.10274932E-10  0.45196937E-02  0.56648649E-02  0.13437150E-07  0.12983368E-16  0.47129781E+00  0.66765481E-05  0.55072685E-12  0.56899560E-02  0.14792488E-02  0.72021883E-09  0.21539541E-17  0.12306855E+00  0.35785681E-06  0.91366146E-13  0.14858008E-02  0.79286371E-04  0.11948504E-09  0.65963608E-02  0.59368810E-07  0.79637551E-04  0.13153690E-04  0.10943430E-02  0.13211951E-04
  0.49636018E-08  0.24643921E-05  0.54603041E-03  0.61003539E-07  0.45431684E-01  0.30287812E-04  0.54603007E-03  0.67108098E-02  0.38095307E-07  0.24643929E-05  0.55836338E+00  0.18914042E-04  0.49636019E-08  0.67108056E-02  0.41907464E-02  0.21662957E-08  0.30287822E-04  0.34868509E+00  0.10755500E-05  0.61003540E-07  0.41907438E-02  0.23830746E-03  0.44957815E-09  0.18914048E-04  0.19828033E-01  0.22321227E-06  0.38095307E-07  0.23830731E-03  0.49456696E-04  0.10755504E-05  0.41149740E-02  0.21662958E-08  0.49456665E-04  0.22321234E-06  0.44957816E-09
  0.16804896E-03  0.13919454E-01  0.16730770E-03  0.59954840E-03  0.75513907E-06  0.49660447E-01  0.15197840E-08  0.59690381E-03  0.10253109E-01  0.11621282E-11  0.26941103E-05  0.84926251E+00  0.27397130E-16  0.54221345E-08  0.10207883E-01  0.59954840E-03  0.41461256E-11  0.46073022E-04  0.49660447E-01  0.97744764E-16  0.92726018E-07  0.59690381E-03  0.16804896E-03  0.70904498E-10  0.26941103E-05  0.13919454E-01  0.16715710E-14  0.54221345E-08  0.16730770E-03  0.41461256E-11  0.75513907E-06  0.97744764E-16  0.15197840E-08  0.11621282E-11  0.27397130E-16
  0.66003202E-20  0.73689820E-15  0.31259904E-10  0.83093090E-20  0.40910794E-07  0.92769966E-15  0.20351971E-04  0.39353879E-10  0.21697844E-20  0.45202230E-02  0.51503626E-07  0.24224737E-15  0.37886443E+00  0.25621607E-04  0.10276358E-10  0.11629844E-21  0.56906224E-02  0.13448984E-07  0.12984235E-16  0.47696195E+00  0.66904918E-05  0.55080329E-12  0.19294030E-22  0.14859748E-02  0.72085314E-09  0.21540979E-17  0.12454761E+00  0.35860419E-06  0.91378829E-13  0.79646877E-04  0.11959027E-09  0.66756371E-02  0.59492800E-07  0.13213498E-04  0.11074950E-02
  0.37928432E-11  0.49600109E-08  0.24644925E-05  0.46614711E-10  0.54605248E-03  0.60959406E-07  0.45431661E-01  0.30289046E-04  0.29109815E-10  0.54603055E-03  0.67110810E-02  0.38067747E-07  0.24693521E-05  0.55836310E+00  0.18914813E-04  0.16553343E-11  0.67108115E-02  0.41909157E-02  0.21647285E-08  0.30348772E-04  0.34868492E+00  0.10755939E-05  0.34353671E-12  0.41907474E-02  0.23831709E-03  0.44925290E-09  0.18952110E-04  0.19828023E-01  0.22322137E-06  0.23830752E-03  0.49458694E-04  0.10777148E-05  0.41149720E-02  0.49456708E-04  0.22366153E-06
  0.75656542E-06  0.16729397E-03  0.13919459E-01  0.26991991E-05  0.16730095E-03  0.59685483E-03  0.75507701E-06  0.49660466E-01  0.46160048E-04  0.15196612E-08  0.59687972E-03  0.10207045E-01  0.11620610E-11  0.26938889E-05  0.84926283E+00  0.26991991E-05  0.54216965E-08  0.10207471E-01  0.59685483E-03  0.41458859E-11  0.46069235E-04  0.49660466E-01  0.75656542E-06  0.92718529E-07  0.59687972E-03  0.16729397E-03  0.70900398E-10  0.26938889E-05  0.13919459E-01  0.54216965E-08  0.16730095E-03  0.41458859E-11  0.75507701E-06  0.15196612E-08  0.11620610E-11
  0.41644249E-02  0.49685675E-04  0.22370588E-06  0.20066313E-01  0.44968572E-09  0.23941080E-03  0.34360428E-12  0.10779285E-05  0.35287534E+00  0.80998784E-17  0.21668141E-08  0.42101491E-02  0.72548736E-22  0.16556598E-11  0.18955868E-04  0.56507340E+00  0.39029325E-16  0.38104422E-07  0.67418802E-02  0.34957663E-21  0.29115540E-10  0.30354790E-04  0.45977650E-01  0.68634864E-15  0.61018136E-07  0.54855848E-03  0.61474659E-20  0.46623878E-10  0.24698418E-05  0.10990775E-14  0.49647895E-08  0.98441831E-20  0.37935892E-11  0.89427323E-16  0.80097984E-21
  0.89421391E-16  0.37930651E-11  0.49604208E-08  0.10990046E-14  0.24646958E-05  0.46617437E-10  0.54607536E-03  0.60964444E-07  0.68630311E-15  0.45431644E-01  0.30291545E-04  0.29111517E-10  0.54849407E-03  0.67113623E-02  0.38070893E-07  0.39026736E-16  0.55836289E+00  0.18916373E-04  0.16554311E-11  0.67410886E-02  0.41910914E-02  0.21649074E-08  0.80993411E-17  0.34868478E+00  0.10756826E-05  0.34355681E-12  0.42096548E-02  0.23832708E-03  0.44929003E-09  0.19828016E-01  0.22323979E-06  0.23938269E-03  0.49460767E-04  0.41149704E-02  0.49679842E-04
  0.15207600E-08  0.75504624E-06  0.16729408E-03  0.54256167E-08  0.13919466E-01  0.26937791E-05  0.16729398E-03  0.59685523E-03  0.92785569E-07  0.75504647E-06  0.49660490E-01  0.46067358E-04  0.15207600E-08  0.59685486E-03  0.10207052E-01  0.54256167E-08  0.26937799E-05  0.84926325E+00  0.26937791E-05  0.54256167E-08  0.10207046E-01  0.59685523E-03  0.15207600E-08  0.46067372E-04  0.49660490E-01  0.75504624E-06  0.92785570E-07  0.59685486E-03  0.16729408E-03  0.26937799E-05  0.13919466E-01  0.54256167E-08  0.16729398E-03  0.75504647E-06  0.15207600E-08
  0.49679857E-04  0.41149704E-02  0.49460721E-04  0.23938277E-03  0.22323972E-06  0.19828016E-01  0.44928961E-09  0.23832686E-03  0.42096561E-02  0.34355680E-12  0.10756823E-05  0.34868479E+00  0.80993393E-17  0.21649054E-08  0.41910875E-02  0.67410907E-02  0.16554310E-11  0.18916367E-04  0.55836290E+00  0.39026728E-16  0.38070857E-07  0.67113561E-02  0.54849425E-03  0.29111517E-10  0.30291536E-04  0.45431644E-01  0.68630296E-15  0.60964387E-07  0.54607486E-03  0.46617436E-10  0.24646951E-05  0.10990044E-14  0.49604161E-08  0.37930650E-11  0.89421372E-16
  0.80099156E-21  0.89427364E-16  0.37935916E-11  0.98443271E-20  0.49647895E-08  0.10990780E-14  0.24698433E-05  0.46623908E-10  0.61475558E-20  0.54855831E-03  0.61018136E-07  0.68634895E-15  0.45977650E-01  0.30354808E-04  0.29115558E-10  0.34958175E-21  0.67418781E-02  0.38104422E-07  0.39029343E-16  0.56507340E+00  0.18955880E-04  0.16556609E-11  0.72549797E-22  0.42101478E-02  0.21668141E-08  0.80998820E-17  0.35287534E+00  0.10779291E-05  0.34360450E-12  0.23941073E-03  0.44968573E-09  0.20066313E-01  0.22370602E-06  0.49685660E-04  0.41644249E-02
  0.11620602E-11  0.15196598E-08  0.75507701E-06  0.41458832E-11  0.16730084E-03  0.54216915E-08  0.13919459E-01  0.26938889E-05  0.70900352E-10  0.16729412E-03  0.59687935E-03  0.92718443E-07  0.75656590E-06  0.49660465E-01  0.46069235E-04  0.41458832E-11  0.59685538E-03  0.10207465E-01  0.54216915E-08  0.26992008E-05  0.84926283E+00  0.26938889E-05  0.11620602E-11  0.10207055E-01  0.59687935E-03  0.15196598E-08  0.46160076E-04  0.49660465E-01  0.75507701E-06  0.59685538E-03  0.16730084E-03  0.26992008E-05  0.13919459E-01  0.16729412E-03  0.75656590E-06
  0.22366139E-06  0.49456662E-04  0.41149720E-02  0.10777141E-05  0.49458725E-04  0.23830730E-03  0.22322137E-06  0.19828024E-01  0.18952098E-04  0.44925332E-09  0.23831724E-03  0.41907435E-02  0.34353694E-12  0.10755939E-05  0.34868492E+00  0.30348753E-04  0.21647305E-08  0.41909183E-02  0.67108053E-02  0.16553353E-11  0.18914813E-04  0.55836311E+00  0.24693506E-05  0.38067782E-07  0.67110852E-02  0.54603005E-03  0.29109833E-10  0.30289047E-04  0.45431661E-01  0.60959463E-07  0.54605282E-03  0.46614741E-10  0.24644925E-05  0.49600155E-08  0.37928457E-11
  0.11074950E-02  0.13213502E-04  0.59492763E-07  0.66756371E-02  0.11959027E-09  0.79646902E-04  0.91378771E-13  0.35860396E-06  0.12454761E+00  0.21540970E-17  0.72085313E-09  0.14859753E-02  0.19293748E-22  0.55080294E-12  0.66904877E-05  0.47696195E+00  0.12984230E-16  0.13448984E-07  0.56906241E-02  0.11629674E-21  0.10276351E-10  0.25621591E-04  0.37886443E+00  0.24224726E-15  0.51503626E-07  0.45202244E-02  0.21697527E-20  0.39353854E-10  0.20351958E-04  0.92769924E-15  0.40910793E-07  0.83091875E-20  0.31259884E-10  0.73689787E-15  0.66002237E-20
  0.27397136E-16  0.11621282E-11  0.15197854E-08  0.97744785E-16  0.75513930E-06  0.41461257E-11  0.16730785E-03  0.54221395E-08  0.16715714E-14  0.13919454E-01  0.26941111E-05  0.70904499E-10  0.16804890E-03  0.59690437E-03  0.92726105E-07  0.97744785E-16  0.49660447E-01  0.46073036E-04  0.41461257E-11  0.59954821E-03  0.10207892E-01  0.54221395E-08  0.27397136E-16  0.84926250E+00  0.26941111E-05  0.11621282E-11  0.10253106E-01  0.59690437E-03  0.15197854E-08  0.49660447E-01  0.75513930E-06  0.59954821E-03  0.16730785E-03  0.13919454E-01  0.16804890E-03
  0.44957815E-09  0.22321227E-06  0.49456696E-04  0.21662957E-08  0.41149740E-02  0.10755500E-05  0.49456665E-04  0.23830746E-03  0.38095307E-07  0.22321234E-06  0.19828033E-01  0.18914042E-04  0.44957816E-09  0.23830731E-03  0.41907464E-02  0.61003539E-07  0.10755504E-05  0.34868509E+00  0.30287812E-04  0.21662958E-08  0.41907438E-02  0.67108098E-02  0.49636018E-08  0.18914048E-04  0.55836338E+00  0.24643921E-05  0.38095307E-07  0.67108056E-02  0.54603041E-03  0.30287822E-04  0.45431684E-01  0.61003540E-07  0.54603007E-03  0.24643929E-05  0.49636019E-08
  0.13211955E-04  0.10943430E-02  0.13153678E-04  0.79637576E-04  0.59368792E-07  0.65963609E-02  0.11948493E-09  0.79286297E-04  0.14858013E-02  0.91366144E-13  0.35785670E-06  0.12306855E+00  0.21539536E-17  0.72021816E-09  0.14792474E-02  0.56899578E-02  0.55072684E-12  0.66765460E-05  0.47129781E+00  0.12983366E-16  0.13437137E-07  0.56648596E-02  0.45196951E-02  0.10274931E-10  0.25568201E-04  0.37436524E+00  0.24223114E-15  0.51458258E-07  0.44997589E-02  0.39348416E-10  0.20309548E-04  0.92763751E-15  0.40874757E-07  0.31255565E-10  0.73684883E-15
  0.24540968E-21  0.27398966E-16  0.11622895E-11  0.87554830E-21  0.15211239E-08  0.97751313E-16  0.75671639E-06  0.41467012E-11  0.14973090E-19  0.16806858E-03  0.54269149E-08  0.16716830E-14  0.14086740E-01  0.26997377E-05  0.70914341E-10  0.87554830E-21  0.59961842E-03  0.92807770E-07  0.97751313E-16  0.50257275E-01  0.46169258E-04  0.41467012E-11  0.24540968E-21  0.10254307E-01  0.54269149E-08  0.27398966E-16  0.85946910E+00  0.26997377E-05  0.11622895E-11  0.59961842E-03  0.15211239E-08  0.50257275E-01  0.75671639E-06  0.16806858E-03  0.14086740E-01
  0.34353671E-12  0.44925290E-09  0.22322137E-06  0.16553343E-11  0.49458694E-04  0.21647285E-08  0.41149720E-02  0.10755939E-05  0.29109815E-10  0.49456708E-04  0.23831709E-03  0.38067747E-07  0.22366153E-06  0.19828023E-01  0.18914813E-04  0.46614711E-10  0.23830752E-03  0.41909157E-02  0.60959406E-07  0.10777148E-05  0.34868492E+00  0.30289046E-04  0.37928432E-11  0.41907474E-02  0.67110810E-02  0.49600109E-08  0.18952110E-04  0.55836310E+00  0.24644925E-05  0.67108115E-02  0.54605248E-03  0.30348772E-04  0.45431661E-01  0.54603055E-03  0.24693521E-05
  0.59480931E-07  0.13152598E-04  0.10943434E-02  0.35853264E-06  0.13153147E-04  0.79279791E-04  0.59363913E-07  0.65963634E-02  0.66891571E-05  0.11947528E-09  0.79283097E-04  0.14791261E-02  0.91360862E-13  0.35782729E-06  0.12306860E+00  0.25616496E-04  0.72015999E-09  0.14791877E-02  0.56643947E-02  0.55069500E-12  0.66759973E-05  0.47129799E+00  0.20347910E-04  0.13436052E-07  0.56646310E-02  0.44993897E-02  0.10274337E-10  0.25566099E-04  0.37436538E+00  0.51454102E-07  0.44995773E-02  0.39346141E-10  0.20307879E-04  0.40871455E-07  0.31253758E-10
  0.80993411E-17  0.34355681E-12  0.44929003E-09  0.39026736E-16  0.22323979E-06  0.16554311E-11  0.49460767E-04  0.21649074E-08  0.68630311E-15  0.41149704E-02  0.10756826E-05  0.29111517E-10  0.49679842E-04  0.23832708E-03  0.38070893E-07  0.10990046E-14  0.19828016E-01  0.18916373E-04  0.46617437E-10  0.23938269E-03  0.41910914E-02  0.60964444E-07  0.89421391E-16  0.34868478E+00  0.30291545E-04  0.37930651E-11  0.42096548E-02  0.67113623E-02  0.49604208E-08  0.55836289E+00  0.24646958E-05  0.67410886E-02  0.54607536E-03  0.45431644E-01  0.54849407E-03
  0.11956166E-09  0.59361494E-07  0.13152607E-04  0.72068070E-09  0.10943440E-02  0.35781271E-06  0.13152599E-04  0.79279844E-04  0.13445767E-07  0.59361512E-07  0.65963666E-02  0.66757252E-05  0.11956166E-09  0.79279795E-04  0.14791271E-02  0.51491306E-07  0.35781282E-06  0.12306866E+00  0.25565058E-04  0.72068070E-09  0.14791261E-02  0.56643985E-02  0.40901007E-07  0.66757273E-05  0.47129822E+00  0.20307052E-04  0.13445767E-07  0.56643950E-02  0.44993927E-02  0.25565066E-04  0.37436557E+00  0.51491306E-07  0.44993899E-02  0.20307058E-04  0.40901007E-07
  0.72549797E-22  0.80998820E-17  0.34360450E-12  0.34958175E-21  0.44968573E-09  0.39029343E-16  0.22370602E-06  0.16556609E-11  0.61475558E-20  0.49685660E-04  0.21668141E-08  0.68634895E-15  0.41644249E-02  0.10779291E-05  0.29115558E-10  0.98443271E-20  0.23941073E-03  0.38104422E-07  0.10990780E-14  0.20066313E-01  0.18955880E-04  0.46623908E-10  0.80099156E-21  0.42101478E-02  0.61018136E-07  0.89427364E-16  0.35287534E+00  0.30354808E-04  0.37935916E-11  0.67418781E-02  0.49647895E-08  0.56507340E+00  0.24698433E-05  0.54855831E-03  0.45977650E-01
  0.91360803E-13  0.11947517E-09  0.59363913E-07  0.55069464E-12  0.13153139E-04  0.72015932E-09  0.10943434E-02  0.35782729E-06  0.10274331E-10  0.13152610E-04  0.79283048E-04  0.13436040E-07  0.59480969E-07  0.65963634E-02  0.66759973E-05  0.39346116E-10  0.79279864E-04  0.14791868E-02  0.51454054E-07  0.35853287E-06  0.12306860E+00  0.25566099E-04  0.31253738E-10  0.14791274E-02  0.56646275E-02  0.40871417E-07  0.66891613E-05  0.47129799E+00  0.20307879E-04  0.56644000E-02  0.44995745E-02  0.25616512E-04  0.37436538E+00  0.44993938E-02  0.20347923E-04
  0.21539541E-17  0.91366146E-13  0.11948504E-09  0.12983368E-16  0.59368810E-07  0.55072685E-12  0.13153690E-04  0.72021883E-09  0.24223119E-15  0.10943430E-02  0.35785681E-06  0.10274932E-10  0.13211951E-04  0.79286371E-04  0.13437150E-07  0.92763771E-15  0.65963608E-02  0.66765481E-05  0.39348417E-10  0.79637551E-04  0.14792488E-02  0.51458306E-07  0.73684899E-15  0.12306855E+00  0.25568209E-04  0.31255565E-10  0.14858008E-02  0.56648649E-02  0.40874795E-07  0.47129781E+00  0.20309555E-04  0.56899560E-02  0.44997631E-02  0.37436524E+00  0.45196937E-02
  0.19294030E-22  0.21540979E-17  0.91378829E-13  0.11629844E-21  0.11959027E-09  0.12984235E-16  0.59492800E-07  0.55080329E-12  0.21697844E-20  0.13213498E-04  0.72085314E-09  0.24224737E-15  0.11074950E-02  0.35860419E-06  0.10276358E-10  0.83093090E-20  0.79646877E-04  0.13448984E-07  0.92769966E-15  0.66756371E-02  0.66904918E-05  0.39353879E-10  0.66003202E-20  0.14859748E-02  0.51503626E-07  0.73689820E-15  0.12454761E+00  0.25621607E-04  0.31259904E-10  0.56906224E-02  0.40910794E-07  0.47696195E+00  0.20351971E-04  0.45202230E-02  0.37886443E+00
