 -0.32279077E-01  0.32276066E-01  0.30112982E-05  0.23671934E-11  0.00000000E+00  0.00000000E+00  0.00000000E+00  0.00000000E+00  0.00000000E+00  0.00000000E+00  0.00000000E+00
  0.96228760E-02 -0.38376552E-01  0.28747611E-01  0.60649524E-05  0.20397577E-10  0.00000000E+00  0.00000000E+00  0.00000000E+00  0.00000000E+00  0.00000000E+00  0.00000000E+00
  0.37371468E-05  0.10544544E-01 -0.36140993E-01  0.25577791E-01  0.14920018E-04  0.52777799E-09  0.13339919E-14  0.00000000E+00  0.00000000E+00  0.00000000E+00  0.00000000E+00
  0.51561715E-11  0.79183416E-05  0.11823922E-01 -0.35040445E-01  0.23143791E-01  0.64798255E-04  0.15738647E-07  0.26889819E-13  0.00000000E+00  0.00000000E+00  0.00000000E+00
  0.89259382E-19  0.56214401E-10  0.21440765E-04  0.13851329E-01 -0.38216870E-01  0.24085811E-01  0.25824293E-03  0.46631792E-07  0.13364623E-13  0.00000000E+00  0.00000000E+00
  0.78824455E-27  0.72117376E-16  0.30131807E-08  0.13202016E-03  0.19080273E-01 -0.38424609E-01  0.19080289E-01  0.13202086E-03  0.30132098E-08  0.74110663E-16  0.00000000E+00
  0.20371779E-36  0.27681805E-23  0.13363147E-13  0.46631689E-07  0.25824341E-03  0.24085827E-01 -0.38216896E-01  0.13851338E-01  0.21440810E-04  0.56214321E-10  0.00000000E+00
  0.33251018E-50  0.20579976E-34  0.33900374E-22  0.26884687E-13  0.15738768E-07  0.64798585E-04  0.23143799E-01 -0.35040447E-01  0.11823915E-01  0.79183066E-05  0.51561135E-11
  0.10499067E-67  0.49483511E-49  0.45869552E-34  0.13478538E-22  0.13382876E-14  0.52778054E-09  0.14920007E-04  0.25577778E-01 -0.36140971E-01  0.10544535E-01  0.37371274E-05
  0.49633963E-89  0.25467281E-67  0.18792738E-49  0.28596755E-35  0.65677625E-25  0.34004432E-17  0.20397431E-10  0.60649214E-05  0.28747595E-01 -0.38376531E-01  0.96228708E-02
  0.24221421-114  0.17860775E-89  0.13723554E-68  0.13978691E-51  0.93657212E-39  0.79482494E-29  0.13391943E-19  0.23671650E-11  0.30112845E-05  0.32276055E-01 -0.32279067E-01
