  0.99193023E+00  0.80690164E-02  0.75282454E-06  0.59179835E-12  0.00000000E+00  0.00000000E+00  0.00000000E+00  0.00000000E+00  0.00000000E+00  0.00000000E+00  0.00000000E+00
  0.24057190E-02  0.99040586E+00  0.71869028E-02  0.15162381E-05  0.50993941E-11  0.00000000E+00  0.00000000E+00  0.00000000E+00  0.00000000E+00  0.00000000E+00  0.00000000E+00
  0.93428670E-06  0.26361360E-02  0.99096475E+00  0.63944479E-02  0.37300045E-05  0.13194450E-09  0.33349798E-15  0.00000000E+00  0.00000000E+00  0.00000000E+00  0.00000000E+00
  0.12890429E-11  0.19795854E-05  0.29559804E-02  0.99123989E+00  0.57859477E-02  0.16199564E-04  0.39346617E-08  0.67224547E-14  0.00000000E+00  0.00000000E+00  0.00000000E+00
  0.22314846E-19  0.14053600E-10  0.53601912E-05  0.34628322E-02  0.99044578E+00  0.60214527E-02  0.64560734E-04  0.11657948E-07  0.33411557E-14  0.00000000E+00  0.00000000E+00
  0.19706114E-27  0.18029344E-16  0.75329517E-09  0.33005039E-04  0.47700682E-02  0.99039385E+00  0.47700722E-02  0.33005215E-04  0.75330246E-09  0.18527666E-16  0.00000000E+00
  0.50929449E-37  0.69204513E-24  0.33407867E-14  0.11657922E-07  0.64560853E-04  0.60214567E-02  0.99044578E+00  0.34628346E-02  0.53602024E-05  0.14053580E-10  0.00000000E+00
  0.83127545E-51  0.51449940E-35  0.84750936E-23  0.67211718E-14  0.39346920E-08  0.16199646E-04  0.57859497E-02  0.99123989E+00  0.29559788E-02  0.19795767E-05  0.12890284E-11
  0.26247666E-68  0.12370878E-49  0.11467388E-34  0.33696345E-23  0.33457189E-15  0.13194513E-09  0.37300017E-05  0.63944446E-02  0.99096476E+00  0.26361338E-02  0.93428186E-06
  0.12408491E-89  0.63668204E-68  0.46981844E-50  0.71491888E-36  0.16419406E-25  0.85011080E-18  0.50993578E-11  0.15162304E-05  0.71868987E-02  0.99040587E+00  0.24057177E-02
  0.60553551E-115  0.44651938E-90  0.34308885E-69  0.34946728E-52  0.23414303E-39  0.19870623E-29  0.33479858E-20  0.59179124E-12  0.75282113E-06  0.80690138E-02  0.99193023E+00
