  0.96822403E+00  0.31429671E-01  0.34472007E-03  0.15706504E-05  0.34107916E-08  0.90974633E-11  0.24226281E-13  0.14627393E-16  0.16871335E-20  0.77014970E-25  0.14626172E-30
  0.93705658E-02  0.96239812E+00  0.27953415E-01  0.27662970E-03  0.12633045E-05  0.55507691E-08  0.32078122E-10  0.48817858E-13  0.18652859E-16  0.27116839E-20  0.52012906E-25
  0.41019324E-04  0.10253340E-01  0.96456886E+00  0.24902667E-01  0.23247297E-03  0.16259028E-05  0.14481619E-07  0.39846871E-10  0.39097199E-13  0.15741442E-16  0.18017383E-20
  0.11868494E-06  0.53608337E-04  0.11512050E-01  0.96564679E+00  0.22515876E-01  0.26821432E-03  0.33288050E-05  0.14948344E-07  0.25996365E-10  0.21811116E-13  0.72724848E-17
  0.33268585E-09  0.23056208E-06  0.81155407E-04  0.13476589E-01  0.96261444E+00  0.23404649E-01  0.41999867E-03  0.29265232E-05  0.81186258E-08  0.11370995E-10  0.74213710E-14
  0.20083321E-11  0.19414284E-08  0.92173285E-06  0.22570734E-03  0.18541534E-01  0.96246365E+00  0.18541549E-01  0.22570817E-03  0.92173627E-06  0.19414332E-08  0.20083341E-11
  0.74213925E-14  0.11371005E-10  0.81186180E-08  0.29265187E-05  0.41999910E-03  0.23404664E-01  0.96261442E+00  0.13476598E-01  0.81155461E-04  0.23056197E-06  0.33268531E-09
  0.72725221E-17  0.21811169E-13  0.25996367E-10  0.14948334E-07  0.33288120E-05  0.26821485E-03  0.22515884E-01  0.96564679E+00  0.11512044E-01  0.53608240E-04  0.11868457E-06
  0.18017455E-20  0.15741476E-16  0.39097178E-13  0.39846820E-10  0.14481644E-07  0.16259060E-05  0.23247292E-03  0.24902654E-01  0.96456888E+00  0.10253332E-01  0.41019255E-04
  0.52013283E-25  0.27116825E-20  0.18652811E-16  0.48817738E-13  0.32078152E-10  0.55507796E-08  0.12633033E-05  0.27662938E-03  0.27953400E-01  0.96239814E+00  0.93705608E-02
  0.14627675E-30  0.77015043E-25  0.16871261E-20  0.14627316E-16  0.24226270E-13  0.90974813E-11  0.34107859E-08  0.15706479E-05  0.34471976E-03  0.31429662E-01  0.96822404E+00
