  0.16264402E-03
  0.54501528E-03
  0.14833572E-02
  0.31993307E-02
  0.54821873E-02
  0.52907886E-02
  0.66437018E-02
  0.18370647E-01
  0.52907895E-02
  0.49999023E-01
  0.31993325E-02
  0.10783876E+00
  0.14833580E-02
  0.16264402E-03
  0.17833483E+00
  0.54501543E-03
  0.22393702E+00
  0.54501528E-03
  0.17833486E+00
  0.16264403E-03
  0.14833572E-02
  0.10783882E+00
  0.31993307E-02
  0.49999050E-01
  0.52907886E-02
  0.18370652E-01
  0.66437018E-02
  0.52907895E-02
  0.54821875E-02
  0.31993325E-02
  0.14833580E-02
  0.54501543E-03
  0.16264403E-03
