 -0.36674481E+01
 -0.32148066E+01
 -0.27790969E+01
 -0.23651484E+01
 -0.19983489E+01
 -0.19825379E+01
 -0.16690992E+01
 -0.15457074E+01
 -0.13556606E+01
 -0.11099977E+01
 -0.97305023E+00
 -0.69604929E+00
 -0.55910172E+00
 -0.32924973E+00
 -0.31343877E+00
 -0.12339181E+00
 -0.96599496E-08
  0.12339171E+00
  0.31343856E+00
  0.32924973E+00
  0.55910146E+00
  0.69604893E+00
  0.97304987E+00
  0.11099974E+01
  0.13556604E+01
  0.15457073E+01
  0.16690991E+01
  0.19825377E+01
  0.19983489E+01
  0.23651481E+01
  0.27790966E+01
  0.32148065E+01
  0.36674481E+01
