  0.64760879E+00  0.21022130E-01  0.23057034E-03  0.10505492E-05  0.31838644E+00  0.22813507E-08  0.60849524E-11  0.10335192E-01  0.16204052E-13  0.11335620E-03  0.97837154E-17  0.51648564E-06  0.11284604E-20  0.22288021E-02  0.11215894E-08  0.51512429E-25  0.29915690E-11  0.72349493E-04  0.79664615E-14  0.97828985E-31  0.79352794E-06  0.48100063E-17  0.36155568E-08  0.55478940E-21  0.78514675E-11  0.25325257E-25  0.20941894E-13  0.55767657E-16  0.48096047E-31  0.33671510E-19  0.38836948E-23  0.17728452E-27  0.33668698E-33
  0.62676204E-02  0.64371205E+00  0.18696992E-01  0.18502724E-03  0.30813748E-02  0.84497704E-06  0.37127015E-08  0.31647068E+00  0.21455854E-10  0.91920756E-02  0.32652436E-13  0.90965669E-04  0.12476199E-16  0.21570562E-04  0.41541937E-06  0.18137438E-20  0.18252900E-08  0.22153912E-02  0.10548426E-10  0.34789484E-25  0.64347330E-04  0.16053045E-13  0.63678739E-06  0.61337225E-17  0.29080622E-08  0.89169795E-21  0.12777586E-10  0.73842193E-13  0.17103690E-25  0.11237621E-15  0.42937926E-19  0.62421573E-23  0.11973104E-27
  0.27436289E-04  0.68580754E-02  0.64516398E+00  0.16656461E-01  0.13488610E-04  0.15549246E-03  0.10875055E-05  0.33716624E-02  0.96862126E-08  0.31718449E+00  0.26652079E-10  0.81888811E-02  0.26150652E-13  0.94424382E-07  0.76445367E-04  0.10528861E-16  0.53465458E-06  0.23602664E-04  0.47620706E-08  0.12051152E-20  0.22203881E-02  0.13103066E-10  0.57324662E-04  0.12856548E-13  0.53514086E-06  0.51763450E-17  0.37427449E-08  0.33335945E-10  0.59247552E-21  0.91725454E-13  0.89999750E-16  0.36235992E-19  0.41475092E-23
  0.79383910E-07  0.35856608E-04  0.76999792E-02  0.64588496E+00  0.39027823E-07  0.15060026E-01  0.17939851E-03  0.17628325E-04  0.22265129E-05  0.37855709E-02  0.99983871E-08  0.31753895E+00  0.17387994E-10  0.27320665E-09  0.74040195E-02  0.14588638E-13  0.88198393E-04  0.12340364E-06  0.10946293E-05  0.48642927E-17  0.26500150E-04  0.49155462E-08  0.22228694E-02  0.85485278E-11  0.51830392E-04  0.71722693E-14  0.61741562E-06  0.76627384E-08  0.23914513E-17  0.34410321E-10  0.59842299E-13  0.50208070E-16  0.16740887E-19
  0.94458013E-02  0.30662163E-03  0.33630205E-05  0.15322954E-07  0.94933243E+00  0.33275005E-10  0.88753044E-13  0.30816428E-01  0.23634678E-15  0.33799403E-03  0.14270194E-18  0.15400045E-05  0.16459339E-22  0.94458013E-02  0.33442416E-08  0.75134275E-27  0.89199572E-11  0.30662163E-03  0.23753587E-13  0.14269003E-32  0.33630205E-05  0.14341989E-16  0.15322954E-07  0.16542148E-20  0.33275005E-10  0.75512285E-25  0.88753044E-13  0.23634678E-15  0.14340792E-30  0.14270194E-18  0.16459339E-22  0.75134275E-27  0.14269003E-32
  0.22252110E-09  0.15421434E-06  0.54281812E-04  0.90139855E-02  0.10939892E-09  0.64385674E+00  0.15654493E-01  0.75817001E-07  0.28092137E-03  0.26686780E-04  0.19574417E-05  0.44315810E-02  0.54302447E-08  0.76582578E-12  0.31654181E+00  0.76056325E-11  0.76962797E-02  0.53074210E-09  0.13811048E-03  0.49638770E-14  0.18681559E-06  0.96234474E-06  0.31022417E-04  0.26696925E-08  0.22158891E-02  0.37391869E-11  0.53876303E-04  0.96681541E-06  0.24404103E-14  0.67367064E-08  0.18688661E-10  0.26175447E-13  0.17083616E-16
  0.13432981E-11  0.12985487E-08  0.61651257E-06  0.15096718E-03  0.66041092E-12  0.12401737E-01  0.64375589E+00  0.63841061E-09  0.12401748E-01  0.30309849E-06  0.15096774E-03  0.74220587E-04  0.61651487E-06  0.46230776E-14  0.60971147E-02  0.12985519E-08  0.31649223E+00  0.44690687E-11  0.60971198E-02  0.13432995E-11  0.21217818E-08  0.74220862E-04  0.51956672E-06  0.30309962E-06  0.42681660E-04  0.63841216E-09  0.22155420E-02  0.42681696E-04  0.66041157E-12  0.51956865E-06  0.21217897E-08  0.44690796E-11  0.46230822E-14
  0.91417378E-04  0.93889648E-02  0.27270797E-03  0.26987444E-05  0.91877310E-02  0.12324547E-07  0.54152200E-10  0.94362019E+00  0.31294778E-12  0.27407999E-01  0.47625732E-15  0.27123221E-03  0.18197359E-18  0.91417378E-04  0.12386554E-05  0.26454649E-22  0.54424647E-08  0.93889648E-02  0.31452226E-10  0.50742757E-27  0.27270797E-03  0.47865343E-13  0.26987444E-05  0.18288912E-16  0.12324547E-07  0.26587746E-20  0.54152200E-10  0.31294778E-12  0.50998051E-25  0.47625732E-15  0.18197359E-18  0.26454649E-22  0.50742757E-27
  0.49638914E-14  0.76056394E-11  0.54302395E-08  0.19574388E-05  0.24404174E-14  0.28092166E-03  0.15654503E-01  0.37391903E-11  0.64385672E+00  0.26696899E-08  0.90139918E-02  0.96234329E-06  0.54281848E-04  0.17083665E-16  0.13811062E-03  0.15421426E-06  0.76962847E-02  0.26175471E-13  0.31654180E+00  0.22252074E-09  0.18688643E-10  0.44315841E-02  0.67366962E-08  0.26686797E-04  0.96681640E-06  0.75816963E-07  0.53876338E-04  0.22158891E-02  0.10939874E-09  0.31022439E-04  0.18681571E-06  0.53074184E-09  0.76582453E-12
  0.40017638E-06  0.10002955E-03  0.94101421E-02  0.24294547E-03  0.40218971E-04  0.22679601E-05  0.15861985E-07  0.10053281E-01  0.14127980E-09  0.94574858E+00  0.38873815E-12  0.24416776E-01  0.38142451E-15  0.40017638E-06  0.22793705E-03  0.15357038E-18  0.15941788E-05  0.10002955E-03  0.14199060E-07  0.17577400E-22  0.94101421E-02  0.39069394E-10  0.24294547E-03  0.38334350E-13  0.22679601E-05  0.15434301E-16  0.15861985E-07  0.14127980E-09  0.17665835E-20  0.38873815E-12  0.38142451E-15  0.15357038E-18  0.17577400E-22
  0.48643176E-17  0.14588674E-13  0.17387996E-10  0.99983807E-08  0.23914635E-17  0.22265176E-05  0.17939887E-03  0.71722869E-14  0.15060031E-01  0.85485286E-11  0.64588496E+00  0.49155431E-08  0.76999751E-02  0.16740973E-19  0.10946316E-05  0.35856544E-04  0.88198567E-04  0.50208194E-16  0.74040221E-02  0.79383660E-07  0.59842304E-13  0.31753895E+00  0.34410299E-10  0.37855689E-02  0.76627546E-08  0.17628293E-04  0.61741684E-06  0.51830410E-04  0.39027700E-07  0.22228694E-02  0.26500136E-04  0.12340342E-06  0.27320579E-09
  0.11578667E-08  0.52299228E-06  0.11230927E-03  0.94206582E-02  0.11636921E-06  0.21966041E-03  0.26166456E-05  0.52562352E-04  0.32475160E-07  0.11287432E-01  0.14583307E-09  0.94680547E+00  0.25361537E-12  0.11578667E-08  0.22076555E-01  0.21278491E-15  0.26298103E-03  0.52299228E-06  0.32638546E-05  0.70948917E-19  0.11230927E-03  0.14656678E-07  0.94206582E-02  0.25489134E-10  0.21966041E-03  0.21385546E-13  0.26166456E-05  0.32475160E-07  0.71305870E-17  0.14583307E-09  0.25361537E-12  0.21278491E-15  0.70948917E-19
  0.12051201E-20  0.10528884E-16  0.26150638E-13  0.26652045E-10  0.59247790E-21  0.96862294E-08  0.10875076E-05  0.51763565E-17  0.15549243E-03  0.12856541E-13  0.16656453E-01  0.13103049E-10  0.64516399E+00  0.41475258E-23  0.47620789E-08  0.68580698E-02  0.53465564E-06  0.36236072E-19  0.76445352E-04  0.27436243E-04  0.89999701E-16  0.81888770E-02  0.91725338E-13  0.31718450E+00  0.33336003E-10  0.33716597E-02  0.37427524E-08  0.53514075E-06  0.13488587E-04  0.57324634E-04  0.22203881E-02  0.23602645E-04  0.94424222E-07
  0.22288021E-02  0.72349493E-04  0.79352794E-06  0.36155568E-08  0.31838644E+00  0.78514675E-11  0.20941894E-13  0.10335192E-01  0.55767657E-16  0.11335620E-03  0.33671510E-19  0.51648564E-06  0.38836948E-23  0.64760879E+00  0.11215894E-08  0.17728452E-27  0.29915690E-11  0.21022130E-01  0.79664615E-14  0.33668698E-33  0.23057034E-03  0.48100063E-17  0.10505492E-05  0.55478940E-21  0.22813507E-08  0.25325257E-25  0.60849524E-11  0.16204052E-13  0.48096047E-31  0.97837154E-17  0.11284604E-20  0.51512429E-25  0.97828985E-31
  0.32456170E-11  0.22493179E-08  0.79173603E-06  0.13147492E-03  0.32619462E-09  0.93910752E-02  0.22833110E-03  0.22606345E-06  0.40974235E-05  0.79571935E-04  0.28550579E-07  0.13213639E-01  0.79203700E-10  0.32456170E-11  0.94383229E+00  0.11093317E-12  0.22947987E-01  0.22493179E-08  0.41180382E-03  0.72401420E-16  0.79173603E-06  0.28694220E-05  0.13147492E-03  0.79602184E-08  0.93910752E-02  0.11149128E-10  0.22833110E-03  0.40974235E-05  0.72765681E-14  0.28550579E-07  0.79203700E-10  0.11093317E-12  0.72401420E-16
  0.34789737E-25  0.18137429E-20  0.12476166E-16  0.32652357E-13  0.17103815E-25  0.21455874E-10  0.37127085E-08  0.89169751E-21  0.84497623E-06  0.61337065E-17  0.18502703E-03  0.16053006E-13  0.18696982E-01  0.11973191E-27  0.10548435E-10  0.64371207E+00  0.18252934E-08  0.62421542E-23  0.41541897E-06  0.62676171E-02  0.42937814E-19  0.90965564E-04  0.11237593E-15  0.91920705E-02  0.73842261E-13  0.31647068E+00  0.12777610E-10  0.29080594E-08  0.30813731E-02  0.63678666E-06  0.64347294E-04  0.22153912E-02  0.21570551E-04
  0.19592889E-13  0.18940190E-10  0.89922425E-08  0.22019559E-05  0.19691463E-11  0.18088752E-03  0.93896042E-02  0.19035480E-08  0.18088767E-03  0.90374836E-06  0.22019641E-05  0.22130342E-03  0.89922759E-08  0.19592889E-13  0.18179759E-01  0.18940236E-10  0.94368445E+00  0.18940190E-10  0.18179774E-01  0.19592908E-13  0.89922425E-08  0.22130424E-03  0.22019559E-05  0.90375172E-06  0.18088752E-03  0.19035527E-08  0.93896042E-02  0.18088767E-03  0.19691483E-11  0.22019641E-05  0.89922759E-08  0.18940236E-10  0.19592908E-13
  0.21570562E-04  0.22153912E-02  0.64347330E-04  0.63678739E-06  0.30813748E-02  0.29080622E-08  0.12777586E-10  0.31647068E+00  0.73842193E-13  0.91920756E-02  0.11237621E-15  0.90965669E-04  0.42937926E-19  0.62676204E-02  0.41541937E-06  0.62421573E-23  0.18252900E-08  0.64371205E+00  0.10548426E-10  0.11973104E-27  0.18696992E-01  0.16053045E-13  0.18502724E-03  0.61337225E-17  0.84497704E-06  0.89169795E-21  0.37127015E-08  0.21455854E-10  0.17103690E-25  0.32652436E-13  0.12476199E-16  0.18137438E-20  0.34789484E-25
  0.72401630E-16  0.11093327E-12  0.79203624E-10  0.28550535E-07  0.72765892E-14  0.40974277E-05  0.22833125E-03  0.11149139E-10  0.93910750E-02  0.79602107E-08  0.13147502E-03  0.28694177E-05  0.79173655E-06  0.72401630E-16  0.41180424E-03  0.22493168E-08  0.22948002E-01  0.11093327E-12  0.94383227E+00  0.32456118E-11  0.79203624E-10  0.13213648E-01  0.28550535E-07  0.79571988E-04  0.40974277E-05  0.22606334E-06  0.22833125E-03  0.93910750E-02  0.32619408E-09  0.13147502E-03  0.79173655E-06  0.22493168E-08  0.32456118E-11
  0.97839037E-31  0.51512477E-25  0.11284555E-20  0.97836637E-17  0.48100989E-31  0.16204044E-13  0.60849645E-11  0.25325281E-25  0.22813469E-08  0.55478698E-21  0.10505475E-05  0.48099809E-17  0.23057014E-03  0.33672158E-33  0.79664578E-14  0.21022123E-01  0.29915749E-11  0.17728468E-27  0.11215875E-08  0.64760879E+00  0.38836779E-23  0.51648479E-06  0.33671332E-19  0.11335610E-03  0.55767631E-16  0.10335189E-01  0.20941936E-13  0.78514544E-11  0.31838645E+00  0.36155509E-08  0.79352723E-06  0.72349471E-04  0.22288021E-02
  0.94424382E-07  0.23602664E-04  0.22203881E-02  0.57324662E-04  0.13488610E-04  0.53514086E-06  0.37427449E-08  0.33716624E-02  0.33335945E-10  0.31718449E+00  0.91725454E-13  0.81888811E-02  0.89999750E-16  0.27436289E-04  0.76445367E-04  0.36235992E-19  0.53465458E-06  0.68580754E-02  0.47620706E-08  0.41475092E-23  0.64516398E+00  0.13103066E-10  0.16656461E-01  0.12856548E-13  0.15549246E-03  0.51763450E-17  0.10875055E-05  0.96862126E-08  0.59247552E-21  0.26652079E-10  0.26150652E-13  0.10528861E-16  0.12051152E-20
  0.70949280E-19  0.21278543E-15  0.25361539E-12  0.14583298E-09  0.71306235E-17  0.32475228E-07  0.26166508E-05  0.21385598E-13  0.21966049E-03  0.25489136E-10  0.94206582E-02  0.14656668E-07  0.11230921E-03  0.70949280E-19  0.32638615E-05  0.52299134E-06  0.26298155E-03  0.21278543E-15  0.22076563E-01  0.11578630E-08  0.25361539E-12  0.94680547E+00  0.14583298E-09  0.11287426E-01  0.32475228E-07  0.52562258E-04  0.26166508E-05  0.21966049E-03  0.11636884E-06  0.94206582E-02  0.11230921E-03  0.52299134E-06  0.11578630E-08
  0.27320665E-09  0.12340364E-06  0.26500150E-04  0.22228694E-02  0.39027823E-07  0.51830392E-04  0.61741562E-06  0.17628325E-04  0.76627384E-08  0.37855709E-02  0.34410321E-10  0.31753895E+00  0.59842299E-13  0.79383910E-07  0.74040195E-02  0.50208070E-16  0.88198393E-04  0.35856608E-04  0.10946293E-05  0.16740887E-19  0.76999792E-02  0.49155462E-08  0.64588496E+00  0.85485278E-11  0.15060026E-01  0.71722693E-14  0.17939851E-03  0.22265129E-05  0.23914513E-17  0.99983871E-08  0.17387994E-10  0.14588638E-13  0.48642927E-17
  0.17577471E-22  0.15357072E-18  0.38142430E-15  0.38873766E-12  0.17665905E-20  0.14128004E-09  0.15862016E-07  0.15434335E-16  0.22679596E-05  0.38334330E-13  0.24294535E-03  0.39069345E-10  0.94101423E-02  0.17577471E-22  0.14199084E-07  0.10002947E-03  0.15941820E-05  0.15357072E-18  0.22793700E-03  0.40017570E-06  0.38142430E-15  0.24416763E-01  0.38873766E-12  0.94574860E+00  0.14128004E-09  0.10053273E-01  0.15862016E-07  0.22679596E-05  0.40218903E-04  0.24294535E-03  0.94101423E-02  0.10002947E-03  0.40017570E-06
  0.76582578E-12  0.53074210E-09  0.18681559E-06  0.31022417E-04  0.10939892E-09  0.22158891E-02  0.53876303E-04  0.75817001E-07  0.96681541E-06  0.26686780E-04  0.67367064E-08  0.44315810E-02  0.18688661E-10  0.22252110E-09  0.31654181E+00  0.26175447E-13  0.76962797E-02  0.15421434E-06  0.13811048E-03  0.17083616E-16  0.54281812E-04  0.96234474E-06  0.90139855E-02  0.26696925E-08  0.64385674E+00  0.37391869E-11  0.15654493E-01  0.28092137E-03  0.24404103E-14  0.19574417E-05  0.54302447E-08  0.76056325E-11  0.49638770E-14
  0.50743126E-27  0.26454636E-22  0.18197311E-18  0.47625615E-15  0.50998421E-25  0.31294807E-12  0.54152303E-10  0.26587733E-20  0.12324536E-07  0.18288864E-16  0.26987413E-05  0.47865226E-13  0.27270782E-03  0.50743126E-27  0.31452255E-10  0.93889650E-02  0.54424750E-08  0.26454636E-22  0.12386542E-05  0.91417329E-04  0.18197311E-18  0.27123190E-03  0.47625615E-15  0.27407984E-01  0.31294807E-12  0.94362021E+00  0.54152303E-10  0.12324536E-07  0.91877261E-02  0.26987413E-05  0.27270782E-03  0.93889650E-02  0.91417329E-04
  0.46230776E-14  0.44690687E-11  0.21217818E-08  0.51956672E-06  0.66041092E-12  0.42681660E-04  0.22155420E-02  0.63841061E-09  0.42681696E-04  0.30309849E-06  0.51956865E-06  0.74220587E-04  0.21217897E-08  0.13432981E-11  0.60971147E-02  0.44690796E-11  0.31649223E+00  0.12985487E-08  0.60971198E-02  0.46230822E-14  0.61651257E-06  0.74220862E-04  0.15096718E-03  0.30309962E-06  0.12401737E-01  0.63841216E-09  0.64375589E+00  0.12401748E-01  0.66041157E-12  0.15096774E-03  0.61651487E-06  0.12985519E-08  0.13432995E-11
  0.17083665E-16  0.26175471E-13  0.18688643E-10  0.67366962E-08  0.24404174E-14  0.96681640E-06  0.53876338E-04  0.37391903E-11  0.22158891E-02  0.26696899E-08  0.31022439E-04  0.96234329E-06  0.18681571E-06  0.49638914E-14  0.13811062E-03  0.53074184E-09  0.76962847E-02  0.76056394E-11  0.31654180E+00  0.76582453E-12  0.54302395E-08  0.44315841E-02  0.19574388E-05  0.26686797E-04  0.28092166E-03  0.75816963E-07  0.15654503E-01  0.64385672E+00  0.10939874E-09  0.90139918E-02  0.54281848E-04  0.15421426E-06  0.22252074E-09
  0.14270469E-32  0.75134345E-27  0.16459267E-22  0.14270119E-18  0.14342265E-30  0.23634667E-15  0.88753220E-13  0.75512356E-25  0.33274950E-10  0.16542076E-20  0.15322928E-07  0.14341914E-16  0.33630175E-05  0.14270469E-32  0.23753576E-13  0.30662153E-03  0.89199749E-11  0.75134345E-27  0.33442360E-08  0.94458014E-02  0.16459267E-22  0.15400020E-05  0.14270119E-18  0.33799373E-03  0.23634667E-15  0.30816419E-01  0.88753220E-13  0.33274950E-10  0.94933244E+00  0.15322928E-07  0.33630175E-05  0.30662153E-03  0.94458014E-02
  0.16740973E-19  0.50208194E-16  0.59842304E-13  0.34410299E-10  0.23914635E-17  0.76627546E-08  0.61741684E-06  0.71722869E-14  0.51830410E-04  0.85485286E-11  0.22228694E-02  0.49155431E-08  0.26500136E-04  0.48643176E-17  0.10946316E-05  0.12340342E-06  0.88198567E-04  0.14588674E-13  0.74040221E-02  0.27320579E-09  0.17387996E-10  0.31753895E+00  0.99983807E-08  0.37855689E-02  0.22265176E-05  0.17628293E-04  0.17939887E-03  0.15060031E-01  0.39027700E-07  0.64588496E+00  0.76999751E-02  0.35856544E-04  0.79383660E-07
  0.41475258E-23  0.36236072E-19  0.89999701E-16  0.91725338E-13  0.59247790E-21  0.33336003E-10  0.37427524E-08  0.51763565E-17  0.53514075E-06  0.12856541E-13  0.57324634E-04  0.13103049E-10  0.22203881E-02  0.12051201E-20  0.47620789E-08  0.23602645E-04  0.53465564E-06  0.10528884E-16  0.76445352E-04  0.94424222E-07  0.26150638E-13  0.81888770E-02  0.26652045E-10  0.31718450E+00  0.96862294E-08  0.33716597E-02  0.10875076E-05  0.15549243E-03  0.13488587E-04  0.16656453E-01  0.64516399E+00  0.68580698E-02  0.27436243E-04
  0.11973191E-27  0.62421542E-23  0.42937814E-19  0.11237593E-15  0.17103815E-25  0.73842261E-13  0.12777610E-10  0.89169751E-21  0.29080594E-08  0.61337065E-17  0.63678666E-06  0.16053006E-13  0.64347294E-04  0.34789737E-25  0.10548435E-10  0.22153912E-02  0.18252934E-08  0.18137429E-20  0.41541897E-06  0.21570551E-04  0.12476166E-16  0.90965564E-04  0.32652357E-13  0.91920705E-02  0.21455874E-10  0.31647068E+00  0.37127085E-08  0.84497623E-06  0.30813731E-02  0.18502703E-03  0.18696982E-01  0.64371207E+00  0.62676171E-02
  0.33672158E-33  0.17728468E-27  0.38836779E-23  0.33671332E-19  0.48100989E-31  0.55767631E-16  0.20941936E-13  0.25325281E-25  0.78514544E-11  0.55478698E-21  0.36155509E-08  0.48099809E-17  0.79352723E-06  0.97839037E-31  0.79664578E-14  0.72349471E-04  0.29915749E-11  0.51512477E-25  0.11215875E-08  0.22288021E-02  0.11284555E-20  0.51648479E-06  0.97836637E-17  0.11335610E-03  0.16204044E-13  0.10335189E-01  0.60849645E-11  0.22813469E-08  0.31838645E+00  0.10505475E-05  0.23057014E-03  0.21022123E-01  0.64760879E+00
