  0.37928776E-02
  0.37936751E-02
  0.18270714E-01
  0.37946103E-02
  0.18274555E-01
  0.37950321E-02
  0.98691150E-01
  0.18279061E-01
  0.37946103E-02
  0.98711900E-01
  0.18281092E-01
  0.37936750E-02
  0.18270714E-01
  0.98736235E-01
  0.18279061E-01
  0.37928776E-02
  0.18274555E-01
  0.98747210E-01
  0.18274555E-01
  0.37928776E-02
  0.18279061E-01
  0.98736235E-01
  0.18270714E-01
  0.37936751E-02
  0.18281092E-01
  0.98711900E-01
  0.37946103E-02
  0.18279061E-01
  0.98691149E-01
  0.37950321E-02
  0.18274555E-01
  0.37946103E-02
  0.18270714E-01
  0.37936750E-02
  0.37928776E-02
