 -0.20499482E+01
 -0.17467404E+01
 -0.14797858E+01
 -0.14435325E+01
 -0.11765780E+01
 -0.11403247E+01
 -0.90962343E+00
 -0.87337016E+00
 -0.83711690E+00
 -0.60641561E+00
 -0.57016237E+00
 -0.53390916E+00
 -0.33946106E+00
 -0.30320779E+00
 -0.26695453E+00
 -0.23070132E+00
 -0.36253238E-01
  0.00000000E+00
  0.36253211E-01
  0.23070132E+00
  0.26695458E+00
  0.30320785E+00
  0.33946106E+00
  0.53390913E+00
  0.57016237E+00
  0.60641558E+00
  0.83711695E+00
  0.87337022E+00
  0.90962343E+00
  0.11403247E+01
  0.11765780E+01
  0.14435326E+01
  0.14797858E+01
  0.17467403E+01
  0.20499482E+01
