 -0.77932032E+00  0.11947991E-01  0.75213792E+00  0.71662838E-07  0.00000000E+00  0.00000000E+00  0.13993073E-01  0.00000000E+00  0.00000000E+00  0.00000000E+00  0.00000000E+00  0.00000000E+00  0.12029206E-02  0.00000000E+00  0.00000000E+00  0.00000000E+00  0.00000000E+00  0.00000000E+00  0.00000000E+00  0.38340172E-04  0.00000000E+00  0.00000000E+00  0.00000000E+00  0.00000000E+00  0.00000000E+00  0.00000000E+00  0.00000000E+00  0.00000000E+00  0.00000000E+00  0.00000000E+00  0.00000000E+00  0.00000000E+00  0.00000000E+00  0.00000000E+00  0.00000000E+00
  0.11947587E-01 -0.79126775E+00  0.00000000E+00  0.11947832E-01  0.75213792E+00  0.71662893E-07  0.00000000E+00  0.00000000E+00  0.00000000E+00  0.13993073E-01  0.00000000E+00  0.00000000E+00  0.00000000E+00  0.00000000E+00  0.00000000E+00  0.00000000E+00  0.12029206E-02  0.00000000E+00  0.00000000E+00  0.00000000E+00  0.00000000E+00  0.00000000E+00  0.00000000E+00  0.38340172E-04  0.00000000E+00  0.00000000E+00  0.00000000E+00  0.00000000E+00  0.00000000E+00  0.00000000E+00  0.00000000E+00  0.00000000E+00  0.00000000E+00  0.00000000E+00  0.00000000E+00
  0.75762284E-01  0.00000000E+00 -0.50927762E+00  0.00000000E+00  0.11947991E-01  0.00000000E+00  0.40633294E+00  0.71662838E-07  0.00000000E+00  0.00000000E+00  0.00000000E+00  0.00000000E+00  0.13993073E-01  0.00000000E+00  0.00000000E+00  0.00000000E+00  0.00000000E+00  0.00000000E+00  0.00000000E+00  0.12412608E-02  0.00000000E+00  0.00000000E+00  0.00000000E+00  0.00000000E+00  0.00000000E+00  0.00000000E+00  0.00000000E+00  0.00000000E+00  0.00000000E+00  0.00000000E+00  0.00000000E+00  0.00000000E+00  0.00000000E+00  0.00000000E+00  0.00000000E+00
  0.71662838E-07  0.11947515E-01  0.00000000E+00 -0.79126759E+00  0.00000000E+00  0.11947677E-01  0.00000000E+00  0.75213792E+00  0.71662893E-07  0.00000000E+00  0.00000000E+00  0.00000000E+00  0.00000000E+00  0.13993073E-01  0.00000000E+00  0.00000000E+00  0.00000000E+00  0.00000000E+00  0.00000000E+00  0.00000000E+00  0.12029206E-02  0.00000000E+00  0.00000000E+00  0.00000000E+00  0.00000000E+00  0.00000000E+00  0.38340172E-04  0.00000000E+00  0.00000000E+00  0.00000000E+00  0.00000000E+00  0.00000000E+00  0.00000000E+00  0.00000000E+00  0.00000000E+00
  0.00000000E+00  0.75762284E-01  0.11947587E-01  0.00000000E+00 -0.52122504E+00  0.00000000E+00  0.00000000E+00  0.11947832E-01  0.00000000E+00  0.40633294E+00  0.71662893E-07  0.00000000E+00  0.00000000E+00  0.00000000E+00  0.00000000E+00  0.00000000E+00  0.13993073E-01  0.00000000E+00  0.00000000E+00  0.00000000E+00  0.00000000E+00  0.00000000E+00  0.00000000E+00  0.12412608E-02  0.00000000E+00  0.00000000E+00  0.00000000E+00  0.00000000E+00  0.00000000E+00  0.00000000E+00  0.00000000E+00  0.00000000E+00  0.00000000E+00  0.00000000E+00  0.00000000E+00
  0.98246877E-17  0.71662948E-07  0.00000000E+00  0.11947519E-01  0.00000000E+00 -0.79126743E+00  0.00000000E+00  0.00000000E+00  0.11947511E-01  0.00000000E+00  0.75213792E+00  0.71662893E-07  0.00000000E+00  0.00000000E+00  0.00000000E+00  0.00000000E+00  0.00000000E+00  0.13993073E-01  0.00000000E+00  0.00000000E+00  0.00000000E+00  0.00000000E+00  0.00000000E+00  0.00000000E+00  0.12029206E-02  0.00000000E+00  0.00000000E+00  0.00000000E+00  0.00000000E+00  0.38340172E-04  0.00000000E+00  0.00000000E+00  0.00000000E+00  0.00000000E+00  0.00000000E+00
  0.15234333E-01  0.00000000E+00  0.60527950E-01  0.00000000E+00  0.00000000E+00  0.00000000E+00 -0.16347263E+00  0.00000000E+00  0.00000000E+00  0.11947991E-01  0.00000000E+00  0.00000000E+00  0.60527950E-01  0.71662838E-07  0.00000000E+00  0.00000000E+00  0.00000000E+00  0.00000000E+00  0.00000000E+00  0.15234333E-01  0.00000000E+00  0.00000000E+00  0.00000000E+00  0.00000000E+00  0.00000000E+00  0.00000000E+00  0.00000000E+00  0.00000000E+00  0.00000000E+00  0.00000000E+00  0.00000000E+00  0.00000000E+00  0.00000000E+00  0.00000000E+00  0.00000000E+00
  0.00000000E+00  0.00000000E+00  0.71662838E-07  0.75762284E-01  0.11947515E-01  0.00000000E+00  0.00000000E+00 -0.52122489E+00  0.00000000E+00  0.00000000E+00  0.11947677E-01  0.00000000E+00  0.00000000E+00  0.40633294E+00  0.71662893E-07  0.00000000E+00  0.00000000E+00  0.00000000E+00  0.00000000E+00  0.00000000E+00  0.13993073E-01  0.00000000E+00  0.00000000E+00  0.00000000E+00  0.00000000E+00  0.00000000E+00  0.12412608E-02  0.00000000E+00  0.00000000E+00  0.00000000E+00  0.00000000E+00  0.00000000E+00  0.00000000E+00  0.00000000E+00  0.00000000E+00
  0.23583873E-31  0.98246630E-17  0.00000000E+00  0.71662782E-07  0.00000000E+00  0.11947670E-01  0.00000000E+00  0.00000000E+00 -0.79126760E+00  0.00000000E+00  0.00000000E+00  0.11947526E-01  0.00000000E+00  0.00000000E+00  0.75213792E+00  0.71663115E-07  0.00000000E+00  0.00000000E+00  0.00000000E+00  0.00000000E+00  0.00000000E+00  0.13993073E-01  0.00000000E+00  0.00000000E+00  0.00000000E+00  0.00000000E+00  0.00000000E+00  0.12029206E-02  0.00000000E+00  0.00000000E+00  0.00000000E+00  0.38340172E-04  0.00000000E+00  0.00000000E+00  0.00000000E+00
  0.00000000E+00  0.15234333E-01  0.00000000E+00  0.00000000E+00  0.60527950E-01  0.00000000E+00  0.11947587E-01  0.00000000E+00  0.00000000E+00 -0.17542006E+00  0.00000000E+00  0.00000000E+00  0.00000000E+00  0.11947832E-01  0.00000000E+00  0.00000000E+00  0.60527950E-01  0.71662893E-07  0.00000000E+00  0.00000000E+00  0.00000000E+00  0.00000000E+00  0.00000000E+00  0.15234333E-01  0.00000000E+00  0.00000000E+00  0.00000000E+00  0.00000000E+00  0.00000000E+00  0.00000000E+00  0.00000000E+00  0.00000000E+00  0.00000000E+00  0.00000000E+00  0.00000000E+00
  0.00000000E+00  0.00000000E+00  0.98246877E-17  0.00000000E+00  0.71662948E-07  0.75762284E-01  0.00000000E+00  0.11947519E-01  0.00000000E+00  0.00000000E+00 -0.52122473E+00  0.00000000E+00  0.00000000E+00  0.00000000E+00  0.11947511E-01  0.00000000E+00  0.00000000E+00  0.40633294E+00  0.71662893E-07  0.00000000E+00  0.00000000E+00  0.00000000E+00  0.00000000E+00  0.00000000E+00  0.13993073E-01  0.00000000E+00  0.00000000E+00  0.00000000E+00  0.00000000E+00  0.12412608E-02  0.00000000E+00  0.00000000E+00  0.00000000E+00  0.00000000E+00  0.00000000E+00
  0.91774773E-51  0.23584120E-31  0.00000000E+00  0.98247248E-17  0.00000000E+00  0.71663115E-07  0.00000000E+00  0.00000000E+00  0.11947843E-01  0.00000000E+00  0.00000000E+00 -0.79126775E+00  0.00000000E+00  0.00000000E+00  0.00000000E+00  0.11947583E-01  0.00000000E+00  0.00000000E+00  0.75213792E+00  0.00000000E+00  0.00000000E+00  0.00000000E+00  0.00000000E+00  0.00000000E+00  0.00000000E+00  0.13993073E-01  0.00000000E+00  0.00000000E+00  0.00000000E+00  0.00000000E+00  0.12029206E-02  0.00000000E+00  0.00000000E+00  0.38340172E-04  0.00000000E+00
  0.12412608E-02  0.00000000E+00  0.13993073E-01  0.00000000E+00  0.00000000E+00  0.00000000E+00  0.40633294E+00  0.00000000E+00  0.00000000E+00  0.00000000E+00  0.00000000E+00  0.00000000E+00 -0.50927762E+00  0.00000000E+00  0.00000000E+00  0.00000000E+00  0.11947991E-01  0.00000000E+00  0.00000000E+00  0.75762284E-01  0.71662838E-07  0.00000000E+00  0.00000000E+00  0.00000000E+00  0.00000000E+00  0.00000000E+00  0.00000000E+00  0.00000000E+00  0.00000000E+00  0.00000000E+00  0.00000000E+00  0.00000000E+00  0.00000000E+00  0.00000000E+00  0.00000000E+00
  0.00000000E+00  0.00000000E+00  0.00000000E+00  0.15234333E-01  0.00000000E+00  0.00000000E+00  0.71662838E-07  0.60527950E-01  0.00000000E+00  0.11947515E-01  0.00000000E+00  0.00000000E+00  0.00000000E+00 -0.17541990E+00  0.00000000E+00  0.00000000E+00  0.00000000E+00  0.11947677E-01  0.00000000E+00  0.00000000E+00  0.60527950E-01  0.71662893E-07  0.00000000E+00  0.00000000E+00  0.00000000E+00  0.00000000E+00  0.15234333E-01  0.00000000E+00  0.00000000E+00  0.00000000E+00  0.00000000E+00  0.00000000E+00  0.00000000E+00  0.00000000E+00  0.00000000E+00
  0.00000000E+00  0.00000000E+00  0.23583873E-31  0.00000000E+00  0.98246630E-17  0.00000000E+00  0.00000000E+00  0.71662782E-07  0.75762284E-01  0.00000000E+00  0.11947670E-01  0.00000000E+00  0.00000000E+00  0.00000000E+00 -0.52122489E+00  0.00000000E+00  0.00000000E+00  0.00000000E+00  0.11947526E-01  0.00000000E+00  0.00000000E+00  0.40633294E+00  0.71663115E-07  0.00000000E+00  0.00000000E+00  0.00000000E+00  0.00000000E+00  0.13993073E-01  0.00000000E+00  0.00000000E+00  0.00000000E+00  0.12412608E-02  0.00000000E+00  0.00000000E+00  0.00000000E+00
  0.56069407E-75  0.91774361E-51  0.00000000E+00  0.23583997E-31  0.00000000E+00  0.98247001E-17  0.00000000E+00  0.00000000E+00  0.71662893E-07  0.00000000E+00  0.00000000E+00  0.11947987E-01  0.00000000E+00  0.00000000E+00  0.00000000E+00 -0.77932032E+00  0.00000000E+00  0.00000000E+00  0.00000000E+00  0.00000000E+00  0.00000000E+00  0.00000000E+00  0.75213792E+00  0.00000000E+00  0.00000000E+00  0.00000000E+00  0.00000000E+00  0.00000000E+00  0.13993073E-01  0.00000000E+00  0.00000000E+00  0.00000000E+00  0.12029206E-02  0.00000000E+00  0.38340172E-04
  0.00000000E+00  0.12412608E-02  0.00000000E+00  0.00000000E+00  0.13993073E-01  0.00000000E+00  0.00000000E+00  0.00000000E+00  0.00000000E+00  0.40633294E+00  0.00000000E+00  0.00000000E+00  0.11947587E-01  0.00000000E+00  0.00000000E+00  0.00000000E+00 -0.52122504E+00  0.00000000E+00  0.00000000E+00  0.00000000E+00  0.11947832E-01  0.00000000E+00  0.00000000E+00  0.75762284E-01  0.71662893E-07  0.00000000E+00  0.00000000E+00  0.00000000E+00  0.00000000E+00  0.00000000E+00  0.00000000E+00  0.00000000E+00  0.00000000E+00  0.00000000E+00  0.00000000E+00
  0.00000000E+00  0.00000000E+00  0.00000000E+00  0.00000000E+00  0.00000000E+00  0.15234333E-01  0.98246877E-17  0.00000000E+00  0.00000000E+00  0.71662948E-07  0.60527950E-01  0.00000000E+00  0.00000000E+00  0.11947519E-01  0.00000000E+00  0.00000000E+00  0.00000000E+00 -0.17541974E+00  0.00000000E+00  0.00000000E+00  0.00000000E+00  0.11947511E-01  0.00000000E+00  0.00000000E+00  0.60527950E-01  0.71662893E-07  0.00000000E+00  0.00000000E+00  0.00000000E+00  0.15234333E-01  0.00000000E+00  0.00000000E+00  0.00000000E+00  0.00000000E+00  0.00000000E+00
  0.00000000E+00  0.00000000E+00  0.91774773E-51  0.00000000E+00  0.23584120E-31  0.00000000E+00  0.00000000E+00  0.98247248E-17  0.00000000E+00  0.00000000E+00  0.71663115E-07  0.75762284E-01  0.00000000E+00  0.00000000E+00  0.11947843E-01  0.00000000E+00  0.00000000E+00  0.00000000E+00 -0.52122505E+00  0.00000000E+00  0.00000000E+00  0.00000000E+00  0.11947583E-01  0.00000000E+00  0.00000000E+00  0.40633294E+00  0.00000000E+00  0.00000000E+00  0.00000000E+00  0.00000000E+00  0.13993073E-01  0.00000000E+00  0.00000000E+00  0.12412608E-02  0.00000000E+00
  0.38340172E-04  0.00000000E+00  0.12029206E-02  0.00000000E+00  0.00000000E+00  0.00000000E+00  0.13993073E-01  0.00000000E+00  0.00000000E+00  0.00000000E+00  0.00000000E+00  0.00000000E+00  0.75213792E+00  0.00000000E+00  0.00000000E+00  0.00000000E+00  0.00000000E+00  0.00000000E+00  0.00000000E+00 -0.77932032E+00  0.00000000E+00  0.00000000E+00  0.00000000E+00  0.11947991E-01  0.00000000E+00  0.00000000E+00  0.71662838E-07  0.00000000E+00  0.00000000E+00  0.00000000E+00  0.00000000E+00  0.00000000E+00  0.00000000E+00  0.00000000E+00  0.00000000E+00
  0.00000000E+00  0.00000000E+00  0.00000000E+00  0.12412608E-02  0.00000000E+00  0.00000000E+00  0.00000000E+00  0.13993073E-01  0.00000000E+00  0.00000000E+00  0.00000000E+00  0.00000000E+00  0.71662838E-07  0.40633294E+00  0.00000000E+00  0.00000000E+00  0.11947515E-01  0.00000000E+00  0.00000000E+00  0.00000000E+00 -0.52122489E+00  0.00000000E+00  0.00000000E+00  0.00000000E+00  0.11947677E-01  0.00000000E+00  0.75762284E-01  0.71662893E-07  0.00000000E+00  0.00000000E+00  0.00000000E+00  0.00000000E+00  0.00000000E+00  0.00000000E+00  0.00000000E+00
  0.00000000E+00  0.00000000E+00  0.00000000E+00  0.00000000E+00  0.00000000E+00  0.00000000E+00  0.23583873E-31  0.00000000E+00  0.15234333E-01  0.98246630E-17  0.00000000E+00  0.00000000E+00  0.00000000E+00  0.71662782E-07  0.60527950E-01  0.00000000E+00  0.00000000E+00  0.11947670E-01  0.00000000E+00  0.00000000E+00  0.00000000E+00 -0.17541991E+00  0.00000000E+00  0.00000000E+00  0.00000000E+00  0.11947526E-01  0.00000000E+00  0.60527950E-01  0.71663115E-07  0.00000000E+00  0.00000000E+00  0.15234333E-01  0.00000000E+00  0.00000000E+00  0.00000000E+00
  0.00000000E+00  0.00000000E+00  0.56069407E-75  0.00000000E+00  0.91774361E-51  0.00000000E+00  0.00000000E+00  0.23583997E-31  0.00000000E+00  0.00000000E+00  0.98247001E-17  0.00000000E+00  0.00000000E+00  0.00000000E+00  0.71662893E-07  0.75762284E-01  0.00000000E+00  0.00000000E+00  0.11947987E-01  0.00000000E+00  0.00000000E+00  0.00000000E+00 -0.50927761E+00  0.00000000E+00  0.00000000E+00  0.00000000E+00  0.00000000E+00  0.00000000E+00  0.40633294E+00  0.00000000E+00  0.00000000E+00  0.00000000E+00  0.13993073E-01  0.00000000E+00  0.12412608E-02
  0.00000000E+00  0.38340172E-04  0.00000000E+00  0.00000000E+00  0.12029206E-02  0.00000000E+00  0.00000000E+00  0.00000000E+00  0.00000000E+00  0.13993073E-01  0.00000000E+00  0.00000000E+00  0.00000000E+00  0.00000000E+00  0.00000000E+00  0.00000000E+00  0.75213792E+00  0.00000000E+00  0.00000000E+00  0.11947587E-01  0.00000000E+00  0.00000000E+00  0.00000000E+00 -0.79126775E+00  0.00000000E+00  0.00000000E+00  0.11947832E-01  0.00000000E+00  0.00000000E+00  0.71662893E-07  0.00000000E+00  0.00000000E+00  0.00000000E+00  0.00000000E+00  0.00000000E+00
  0.00000000E+00  0.00000000E+00  0.00000000E+00  0.00000000E+00  0.00000000E+00  0.12412608E-02  0.00000000E+00  0.00000000E+00  0.00000000E+00  0.00000000E+00  0.13993073E-01  0.00000000E+00  0.98246877E-17  0.00000000E+00  0.00000000E+00  0.00000000E+00  0.71662948E-07  0.40633294E+00  0.00000000E+00  0.00000000E+00  0.11947519E-01  0.00000000E+00  0.00000000E+00  0.00000000E+00 -0.52122473E+00  0.00000000E+00  0.00000000E+00  0.11947511E-01  0.00000000E+00  0.75762284E-01  0.71662893E-07  0.00000000E+00  0.00000000E+00  0.00000000E+00  0.00000000E+00
  0.00000000E+00  0.00000000E+00  0.00000000E+00  0.00000000E+00  0.00000000E+00  0.00000000E+00  0.91774773E-51  0.00000000E+00  0.00000000E+00  0.23584120E-31  0.00000000E+00  0.15234333E-01  0.00000000E+00  0.98247248E-17  0.00000000E+00  0.00000000E+00  0.00000000E+00  0.71663115E-07  0.60527950E-01  0.00000000E+00  0.00000000E+00  0.11947843E-01  0.00000000E+00  0.00000000E+00  0.00000000E+00 -0.17542007E+00  0.00000000E+00  0.00000000E+00  0.11947583E-01  0.00000000E+00  0.60527950E-01  0.00000000E+00  0.00000000E+00  0.15234333E-01  0.00000000E+00
  0.00000000E+00  0.00000000E+00  0.00000000E+00  0.38340172E-04  0.00000000E+00  0.00000000E+00  0.00000000E+00  0.12029206E-02  0.00000000E+00  0.00000000E+00  0.00000000E+00  0.00000000E+00  0.00000000E+00  0.13993073E-01  0.00000000E+00  0.00000000E+00  0.00000000E+00  0.00000000E+00  0.00000000E+00  0.71662838E-07  0.75213792E+00  0.00000000E+00  0.00000000E+00  0.11947515E-01  0.00000000E+00  0.00000000E+00 -0.79126759E+00  0.00000000E+00  0.00000000E+00  0.11947677E-01  0.00000000E+00  0.71662893E-07  0.00000000E+00  0.00000000E+00  0.00000000E+00
  0.00000000E+00  0.00000000E+00  0.00000000E+00  0.00000000E+00  0.00000000E+00  0.00000000E+00  0.00000000E+00  0.00000000E+00  0.12412608E-02  0.00000000E+00  0.00000000E+00  0.00000000E+00  0.23583873E-31  0.00000000E+00  0.13993073E-01  0.00000000E+00  0.98246630E-17  0.00000000E+00  0.00000000E+00  0.00000000E+00  0.71662782E-07  0.40633294E+00  0.00000000E+00  0.00000000E+00  0.11947670E-01  0.00000000E+00  0.00000000E+00 -0.52122489E+00  0.00000000E+00  0.00000000E+00  0.11947526E-01  0.75762284E-01  0.71663115E-07  0.00000000E+00  0.00000000E+00
  0.00000000E+00  0.00000000E+00  0.00000000E+00  0.00000000E+00  0.00000000E+00  0.00000000E+00  0.56069407E-75  0.00000000E+00  0.00000000E+00  0.91774361E-51  0.00000000E+00  0.00000000E+00  0.00000000E+00  0.23583997E-31  0.00000000E+00  0.15234333E-01  0.00000000E+00  0.98247001E-17  0.00000000E+00  0.00000000E+00  0.00000000E+00  0.71662893E-07  0.60527950E-01  0.00000000E+00  0.00000000E+00  0.11947987E-01  0.00000000E+00  0.00000000E+00 -0.16347263E+00  0.00000000E+00  0.00000000E+00  0.00000000E+00  0.60527950E-01  0.00000000E+00  0.15234333E-01
  0.00000000E+00  0.00000000E+00  0.00000000E+00  0.00000000E+00  0.00000000E+00  0.38340172E-04  0.00000000E+00  0.00000000E+00  0.00000000E+00  0.00000000E+00  0.12029206E-02  0.00000000E+00  0.00000000E+00  0.00000000E+00  0.00000000E+00  0.00000000E+00  0.00000000E+00  0.13993073E-01  0.00000000E+00  0.98246877E-17  0.00000000E+00  0.00000000E+00  0.00000000E+00  0.71662948E-07  0.75213792E+00  0.00000000E+00  0.11947519E-01  0.00000000E+00  0.00000000E+00 -0.79126743E+00  0.00000000E+00  0.11947511E-01  0.00000000E+00  0.71662893E-07  0.00000000E+00
  0.00000000E+00  0.00000000E+00  0.00000000E+00  0.00000000E+00  0.00000000E+00  0.00000000E+00  0.00000000E+00  0.00000000E+00  0.00000000E+00  0.00000000E+00  0.00000000E+00  0.12412608E-02  0.91774773E-51  0.00000000E+00  0.00000000E+00  0.00000000E+00  0.23584120E-31  0.00000000E+00  0.13993073E-01  0.00000000E+00  0.98247248E-17  0.00000000E+00  0.00000000E+00  0.00000000E+00  0.71663115E-07  0.40633294E+00  0.00000000E+00  0.11947843E-01  0.00000000E+00  0.00000000E+00 -0.52122505E+00  0.00000000E+00  0.11947583E-01  0.75762284E-01  0.00000000E+00
  0.00000000E+00  0.00000000E+00  0.00000000E+00  0.00000000E+00  0.00000000E+00  0.00000000E+00  0.00000000E+00  0.00000000E+00  0.38340172E-04  0.00000000E+00  0.00000000E+00  0.00000000E+00  0.00000000E+00  0.00000000E+00  0.12029206E-02  0.00000000E+00  0.00000000E+00  0.00000000E+00  0.00000000E+00  0.23583873E-31  0.00000000E+00  0.13993073E-01  0.00000000E+00  0.98246630E-17  0.00000000E+00  0.00000000E+00  0.71662782E-07  0.75213792E+00  0.00000000E+00  0.11947670E-01  0.00000000E+00 -0.79126760E+00  0.00000000E+00  0.11947526E-01  0.71663115E-07
  0.00000000E+00  0.00000000E+00  0.00000000E+00  0.00000000E+00  0.00000000E+00  0.00000000E+00  0.00000000E+00  0.00000000E+00  0.00000000E+00  0.00000000E+00  0.00000000E+00  0.00000000E+00  0.56069407E-75  0.00000000E+00  0.00000000E+00  0.12412608E-02  0.91774361E-51  0.00000000E+00  0.00000000E+00  0.00000000E+00  0.23583997E-31  0.00000000E+00  0.13993073E-01  0.00000000E+00  0.98247001E-17  0.00000000E+00  0.00000000E+00  0.71662893E-07  0.40633294E+00  0.00000000E+00  0.11947987E-01  0.00000000E+00 -0.50927761E+00  0.00000000E+00  0.75762284E-01
  0.00000000E+00  0.00000000E+00  0.00000000E+00  0.00000000E+00  0.00000000E+00  0.00000000E+00  0.00000000E+00  0.00000000E+00  0.00000000E+00  0.00000000E+00  0.00000000E+00  0.38340172E-04  0.00000000E+00  0.00000000E+00  0.00000000E+00  0.00000000E+00  0.00000000E+00  0.00000000E+00  0.12029206E-02  0.91774773E-51  0.00000000E+00  0.00000000E+00  0.00000000E+00  0.23584120E-31  0.00000000E+00  0.13993073E-01  0.98247248E-17  0.00000000E+00  0.00000000E+00  0.71663115E-07  0.75213792E+00  0.11947843E-01  0.00000000E+00 -0.79126775E+00  0.11947583E-01
  0.00000000E+00  0.00000000E+00  0.00000000E+00  0.00000000E+00  0.00000000E+00  0.00000000E+00  0.00000000E+00  0.00000000E+00  0.00000000E+00  0.00000000E+00  0.00000000E+00  0.00000000E+00  0.00000000E+00  0.00000000E+00  0.00000000E+00  0.38340172E-04  0.00000000E+00  0.00000000E+00  0.00000000E+00  0.56069407E-75  0.00000000E+00  0.00000000E+00  0.12029206E-02  0.91774361E-51  0.00000000E+00  0.00000000E+00  0.23583997E-31  0.00000000E+00  0.13993073E-01  0.98247001E-17  0.00000000E+00  0.71662893E-07  0.75213792E+00  0.11947987E-01 -0.77932032E+00
