  0.43641695E+00  0.52062867E-02  0.44776298E+00  0.23438866E-04  0.53416404E-02  0.47113196E-07  0.98454589E-01  0.24048232E-04  0.35997953E-10  0.11745254E-02  0.48338052E-07  0.84847460E-15  0.48831725E-02  0.52877503E-05  0.36933833E-10  0.75984123E-20  0.58254374E-04  0.10628621E-07  0.87053336E-15  0.64077666E-03  0.26226301E-06  0.81210496E-11  0.77959569E-20  0.76442195E-05  0.52716070E-09  0.19141378E-15  0.34414516E-07  0.40278962E-12  0.17141831E-20  0.69174757E-10  0.94937830E-17  0.52854611E-13  0.85020433E-22  0.12457874E-17  0.11156499E-22
  0.52061107E-02  0.43123432E+00  0.53414599E-02  0.51828584E-02  0.44244561E+00  0.23391318E-04  0.11744858E-02  0.53176030E-02  0.47075601E-07  0.97285400E-01  0.23999449E-04  0.35995939E-10  0.58252405E-04  0.11692401E-02  0.48299479E-07  0.84845921E-15  0.48251828E-02  0.52770238E-05  0.36931766E-10  0.76439612E-05  0.57992229E-04  0.10620140E-07  0.87051757E-15  0.63316717E-03  0.26173100E-06  0.81205951E-11  0.76098205E-05  0.52674004E-09  0.19141031E-15  0.34344703E-07  0.40276708E-12  0.69119557E-10  0.94936109E-17  0.52851653E-13  0.12457648E-17
  0.46877876E-01  0.55923506E-03  0.60422699E+00  0.25176937E-05  0.72081961E-02  0.50606801E-08  0.31670856E+00  0.32451524E-04  0.38667324E-11  0.37782115E-02  0.65229054E-07  0.91139189E-16  0.17417519E-01  0.17009626E-04  0.49839803E-10  0.81618605E-21  0.20778432E-03  0.34190130E-07  0.11747281E-14  0.29275258E-02  0.93545149E-06  0.26123779E-10  0.10520136E-19  0.34924259E-04  0.18803005E-08  0.61573952E-15  0.15723011E-06  0.14366881E-11  0.55141813E-20  0.31603974E-09  0.33862852E-16  0.24147765E-12  0.30325470E-21  0.56916472E-17  0.50970862E-22
  0.23437454E-04  0.51827209E-02  0.24046784E-04  0.43123434E+00  0.53174620E-02  0.51827918E-02  0.52874318E-05  0.44244563E+00  0.23390692E-04  0.11692091E-02  0.53175348E-02  0.47074401E-07  0.26224721E-06  0.97285404E-01  0.23998806E-04  0.35995833E-10  0.57990690E-04  0.11692251E-02  0.48298248E-07  0.34412442E-07  0.48251830E-02  0.52768825E-05  0.36931658E-10  0.76096186E-05  0.57991484E-04  0.10619869E-07  0.63316720E-03  0.26172399E-06  0.81205713E-11  0.76097228E-05  0.52672662E-09  0.34343784E-07  0.40276589E-12  0.69117796E-10  0.52851498E-13
  0.55921616E-03  0.46321181E-01  0.72079525E-02  0.55671850E-03  0.59705154E+00  0.25125864E-05  0.37780838E-02  0.71757591E-02  0.50566418E-08  0.31294751E+00  0.32385694E-04  0.38665161E-11  0.20777729E-03  0.37612095E-02  0.65177003E-07  0.91137536E-16  0.17210679E-01  0.16975121E-04  0.49837014E-10  0.34923079E-04  0.20684929E-03  0.34162847E-07  0.11747068E-14  0.28927602E-02  0.93355387E-06  0.26122317E-10  0.34767100E-04  0.18788000E-08  0.61572835E-15  0.15691116E-06  0.14366077E-11  0.31578755E-09  0.33862238E-16  0.24146413E-12  0.56915440E-17
  0.47109744E-07  0.23390389E-04  0.48334509E-07  0.51827231E-02  0.23998495E-04  0.43123441E+00  0.10627842E-07  0.53174642E-02  0.51827198E-02  0.52768141E-05  0.44244570E+00  0.23390396E-04  0.52712207E-09  0.11692096E-02  0.53174609E-02  0.47109744E-07  0.26172059E-06  0.97285420E-01  0.23998503E-04  0.69169688E-10  0.57990715E-04  0.11692088E-02  0.48334510E-07  0.34343339E-07  0.48251838E-02  0.52768157E-05  0.76096219E-05  0.57990679E-04  0.10627842E-07  0.63316730E-03  0.26172067E-06  0.76096171E-05  0.52712207E-09  0.34343349E-07  0.69169688E-10
  0.11959303E-01  0.14266990E-03  0.50456806E-01  0.64230435E-06  0.60193033E-03  0.12910612E-08  0.86332625E+00  0.27099092E-05  0.98646591E-12  0.10299151E-01  0.54470419E-08  0.23251079E-16  0.50456806E-01  0.46367099E-04  0.41619413E-11  0.20822225E-21  0.60193033E-03  0.93199998E-07  0.98097286E-16  0.11959303E-01  0.27099092E-05  0.71211666E-10  0.87849846E-21  0.14266990E-03  0.54470419E-08  0.16784646E-14  0.64230435E-06  0.41619413E-11  0.15031288E-19  0.12910612E-08  0.98097286E-16  0.98646591E-12  0.87849846E-21  0.23251079E-16  0.20822225E-21
  0.25175421E-05  0.55670373E-03  0.32449569E-04  0.46321184E-01  0.71755688E-02  0.55671135E-03  0.17008602E-04  0.59705157E+00  0.25125192E-05  0.37611097E-02  0.71756670E-02  0.50565129E-08  0.93539514E-06  0.31294752E+00  0.32384827E-04  0.38665047E-11  0.20684380E-03  0.37611612E-02  0.65175342E-07  0.15722064E-06  0.17210680E-01  0.16974667E-04  0.49836868E-10  0.34766178E-04  0.20684663E-03  0.34161977E-07  0.28927604E-02  0.93352887E-06  0.26122240E-10  0.34766654E-04  0.18787522E-08  0.15690695E-06  0.14366035E-11  0.31577950E-09  0.24146342E-12
  0.35995810E-10  0.47074358E-07  0.36931634E-10  0.23390692E-04  0.48298203E-07  0.51827886E-02  0.81205660E-11  0.23998806E-04  0.43123433E+00  0.10619859E-07  0.53175314E-02  0.51827257E-02  0.40276563E-12  0.52768825E-05  0.44244563E+00  0.23437468E-04  0.52672613E-09  0.11692243E-02  0.53174669E-02  0.52851464E-13  0.26172399E-06  0.97285404E-01  0.24046799E-04  0.69117731E-10  0.57991448E-04  0.11692101E-02  0.34343784E-07  0.48251830E-02  0.52874351E-05  0.76097181E-05  0.57990744E-04  0.63316719E-03  0.26224738E-06  0.76096257E-05  0.34412464E-07
  0.14266508E-03  0.11817282E-01  0.60190999E-03  0.14202788E-03  0.49857611E-01  0.64100139E-06  0.10298803E-01  0.59922164E-03  0.12900310E-08  0.85307389E+00  0.27044119E-05  0.98641071E-12  0.60190999E-03  0.10252804E-01  0.54426953E-08  0.23250658E-16  0.49857611E-01  0.46273040E-04  0.41617084E-11  0.14266508E-03  0.59922164E-03  0.93125627E-07  0.98095507E-16  0.11817282E-01  0.27044119E-05  0.71207681E-10  0.14202788E-03  0.54426953E-08  0.16784341E-14  0.64100139E-06  0.41617084E-11  0.12900310E-08  0.98095507E-16  0.98641071E-12  0.23250658E-16
  0.50603092E-08  0.25124866E-05  0.65224274E-07  0.55670397E-03  0.32384407E-04  0.46321191E-01  0.34187624E-07  0.71755718E-02  0.55670362E-03  0.16974447E-04  0.59705167E+00  0.25124874E-05  0.18801627E-08  0.37611113E-02  0.71755673E-02  0.50603092E-08  0.93351677E-06  0.31294757E+00  0.32384417E-04  0.31601658E-09  0.20684389E-03  0.37611090E-02  0.65224274E-07  0.15690492E-06  0.17210682E-01  0.16974452E-04  0.34766192E-04  0.20684376E-03  0.34187625E-07  0.28927608E-02  0.93351706E-06  0.34766171E-04  0.18801627E-08  0.15690497E-06  0.31601658E-09
  0.84845939E-15  0.35995939E-10  0.87051776E-15  0.47075645E-07  0.36931767E-10  0.23391326E-04  0.19141035E-15  0.48299524E-07  0.51828632E-02  0.81205953E-11  0.23999456E-04  0.43123431E+00  0.94936129E-17  0.10620150E-07  0.53176080E-02  0.52061091E-02  0.40276709E-12  0.52770254E-05  0.44244560E+00  0.12457650E-17  0.52674053E-09  0.11692412E-02  0.53414583E-02  0.52851654E-13  0.26173108E-06  0.97285399E-01  0.69119622E-10  0.57992282E-04  0.11744854E-02  0.34344714E-07  0.48251828E-02  0.76098276E-05  0.58252387E-04  0.63316716E-03  0.76439588E-05
  0.29275258E-02  0.34924259E-04  0.17417519E-01  0.15723011E-06  0.20778432E-03  0.31603974E-09  0.31670856E+00  0.93545149E-06  0.24147765E-12  0.37782115E-02  0.18803005E-08  0.56916472E-17  0.60422699E+00  0.17009626E-04  0.14366881E-11  0.50970862E-22  0.72081961E-02  0.34190130E-07  0.33862852E-16  0.46877876E-01  0.32451524E-04  0.26123779E-10  0.30325470E-21  0.55923506E-03  0.65229054E-07  0.61573952E-15  0.25176937E-05  0.49839803E-10  0.55141813E-20  0.50606801E-08  0.11747281E-14  0.38667324E-11  0.10520136E-19  0.91139189E-16  0.81618605E-21
  0.64226565E-06  0.14202412E-03  0.27097459E-05  0.11817282E-01  0.59920574E-03  0.14202606E-03  0.46364306E-04  0.49857613E-01  0.64098422E-06  0.10252532E-01  0.59921394E-03  0.12899981E-08  0.27097459E-05  0.85307393E+00  0.27043395E-05  0.98640781E-12  0.59920574E-03  0.10252673E-01  0.54425566E-08  0.64226565E-06  0.49857613E-01  0.46271801E-04  0.41616962E-11  0.14202412E-03  0.59921394E-03  0.93123254E-07  0.11817282E-01  0.27043395E-05  0.71207472E-10  0.14202606E-03  0.54425566E-08  0.64098422E-06  0.41616962E-11  0.12899981E-08  0.98640781E-12
  0.38665022E-11  0.50565082E-08  0.49836836E-10  0.25125192E-05  0.65175281E-07  0.55671101E-03  0.26122223E-10  0.32384827E-04  0.46321183E-01  0.34161945E-07  0.71756625E-02  0.55670425E-03  0.14366026E-11  0.16974667E-04  0.59705157E+00  0.25175436E-05  0.18787504E-08  0.37611589E-02  0.71755754E-02  0.24146327E-12  0.93352887E-06  0.31294752E+00  0.32449589E-04  0.31577921E-09  0.20684650E-03  0.37611132E-02  0.15690695E-06  0.17210680E-01  0.17008612E-04  0.34766632E-04  0.20684399E-03  0.28927604E-02  0.93539572E-06  0.34766210E-04  0.15722073E-06
  0.75985234E-20  0.84847498E-15  0.77960709E-20  0.35997976E-10  0.87053375E-15  0.47113197E-07  0.17142082E-20  0.36933856E-10  0.23438880E-04  0.19141386E-15  0.48338052E-07  0.52062851E-02  0.85021676E-22  0.81210547E-11  0.24048247E-04  0.43641695E+00  0.94937873E-17  0.10628621E-07  0.53416388E-02  0.11156662E-22  0.40278987E-12  0.52877536E-05  0.44776298E+00  0.12457879E-17  0.52716071E-09  0.11745251E-02  0.52854645E-13  0.26226318E-06  0.98454590E-01  0.69174757E-10  0.58254356E-04  0.34414537E-07  0.48831726E-02  0.76442172E-05  0.64077666E-03
  0.34923079E-04  0.28927602E-02  0.20777729E-03  0.34767100E-04  0.17210679E-01  0.15691116E-06  0.37780838E-02  0.20684929E-03  0.31578755E-09  0.31294751E+00  0.93355387E-06  0.24146413E-12  0.72079525E-02  0.37612095E-02  0.18788000E-08  0.56915440E-17  0.59705154E+00  0.16975121E-04  0.14366077E-11  0.55921616E-03  0.71757591E-02  0.34162847E-07  0.33862238E-16  0.46321181E-01  0.32385694E-04  0.26122317E-10  0.55671850E-03  0.65177003E-07  0.61572835E-15  0.25125864E-05  0.49837014E-10  0.50566418E-08  0.11747068E-14  0.38665161E-11  0.91137536E-16
  0.12909666E-08  0.64097592E-06  0.54466427E-08  0.14202418E-03  0.27043045E-05  0.11817284E-01  0.93193168E-07  0.59920600E-03  0.14202409E-03  0.46271201E-04  0.49857621E-01  0.64097611E-06  0.54466427E-08  0.10252537E-01  0.59920562E-03  0.12909666E-08  0.27043045E-05  0.85307407E+00  0.27043053E-05  0.12909666E-08  0.59920600E-03  0.10252530E-01  0.54466427E-08  0.64097592E-06  0.49857621E-01  0.46271215E-04  0.14202418E-03  0.59920562E-03  0.93193169E-07  0.11817284E-01  0.27043053E-05  0.14202409E-03  0.54466427E-08  0.64097611E-06  0.12909666E-08
  0.91137555E-16  0.38665161E-11  0.11747070E-14  0.50566465E-08  0.49837015E-10  0.25125872E-05  0.61572849E-15  0.65177064E-07  0.55671902E-03  0.26122317E-10  0.32385704E-04  0.46321181E-01  0.33862245E-16  0.34162879E-07  0.71757658E-02  0.55921599E-03  0.14366077E-11  0.16975126E-04  0.59705154E+00  0.56915452E-17  0.18788018E-08  0.37612130E-02  0.72079502E-02  0.24146414E-12  0.93355416E-06  0.31294751E+00  0.31578784E-09  0.20684948E-03  0.37780826E-02  0.15691121E-06  0.17210679E-01  0.34767132E-04  0.20777723E-03  0.28927602E-02  0.34923068E-04
  0.64077666E-03  0.76442195E-05  0.48831725E-02  0.34414516E-07  0.58254374E-04  0.69174757E-10  0.98454589E-01  0.26226301E-06  0.52854611E-13  0.11745254E-02  0.52716070E-09  0.12457874E-17  0.44776298E+00  0.52877503E-05  0.40278962E-12  0.11156499E-22  0.53416404E-02  0.10628621E-07  0.94937830E-17  0.43641695E+00  0.24048232E-04  0.81210496E-11  0.85020433E-22  0.52062867E-02  0.48338052E-07  0.19141378E-15  0.23438866E-04  0.36933833E-10  0.17141831E-20  0.47113196E-07  0.87053336E-15  0.35997953E-10  0.77959569E-20  0.84847460E-15  0.75984123E-20
  0.15722064E-06  0.34766178E-04  0.93539514E-06  0.28927604E-02  0.20684380E-03  0.34766654E-04  0.17008602E-04  0.17210680E-01  0.15690695E-06  0.37611097E-02  0.20684663E-03  0.31577950E-09  0.32449569E-04  0.31294752E+00  0.93352887E-06  0.24146342E-12  0.71755688E-02  0.37611612E-02  0.18787522E-08  0.25175421E-05  0.59705157E+00  0.16974667E-04  0.14366035E-11  0.55670373E-03  0.71756670E-02  0.34161977E-07  0.46321184E-01  0.32384827E-04  0.26122240E-10  0.55671135E-03  0.65175342E-07  0.25125192E-05  0.49836868E-10  0.50565129E-08  0.38665047E-11
  0.98640717E-12  0.12899969E-08  0.41616935E-11  0.64098422E-06  0.54425515E-08  0.14202597E-03  0.71207425E-10  0.27043395E-05  0.11817282E-01  0.93123167E-07  0.59921357E-03  0.14202425E-03  0.41616935E-11  0.46271801E-04  0.49857613E-01  0.64226605E-06  0.54425515E-08  0.10252666E-01  0.59920630E-03  0.98640717E-12  0.27043395E-05  0.85307392E+00  0.27097476E-05  0.12899969E-08  0.59921357E-03  0.10252542E-01  0.64098422E-06  0.49857613E-01  0.46364334E-04  0.14202597E-03  0.59920630E-03  0.11817282E-01  0.27097476E-05  0.14202425E-03  0.64226605E-06
  0.81619799E-21  0.91139229E-16  0.10520290E-19  0.38667349E-11  0.11747286E-14  0.50606801E-08  0.55142619E-20  0.49839835E-10  0.25176953E-05  0.61573980E-15  0.65229055E-07  0.55923489E-03  0.30325913E-21  0.26123795E-10  0.32451544E-04  0.46877876E-01  0.33862867E-16  0.34190130E-07  0.72081938E-02  0.50971608E-22  0.14366890E-11  0.17009637E-04  0.60422700E+00  0.56916497E-17  0.18803005E-08  0.37782103E-02  0.24147780E-12  0.93545207E-06  0.31670856E+00  0.31603974E-09  0.20778425E-03  0.15723021E-06  0.17417519E-01  0.34924248E-04  0.29275259E-02
  0.76439612E-05  0.63316717E-03  0.58252405E-04  0.76098205E-05  0.48251828E-02  0.34344703E-07  0.11744858E-02  0.57992229E-04  0.69119557E-10  0.97285400E-01  0.26173100E-06  0.52851653E-13  0.53414599E-02  0.11692401E-02  0.52674004E-09  0.12457648E-17  0.44244561E+00  0.52770238E-05  0.40276708E-12  0.52061107E-02  0.53176030E-02  0.10620140E-07  0.94936109E-17  0.43123432E+00  0.23999449E-04  0.81205951E-11  0.51828584E-02  0.48299479E-07  0.19141031E-15  0.23391318E-04  0.36931766E-10  0.47075601E-07  0.87051757E-15  0.35995939E-10  0.84845921E-15
  0.31601658E-09  0.15690492E-06  0.18801627E-08  0.34766192E-04  0.93351677E-06  0.28927608E-02  0.34187624E-07  0.20684389E-03  0.34766171E-04  0.16974447E-04  0.17210682E-01  0.15690497E-06  0.65224274E-07  0.37611113E-02  0.20684376E-03  0.31601658E-09  0.32384407E-04  0.31294757E+00  0.93351706E-06  0.50603092E-08  0.71755718E-02  0.37611090E-02  0.18801627E-08  0.25124866E-05  0.59705167E+00  0.16974452E-04  0.55670397E-03  0.71755673E-02  0.34187625E-07  0.46321191E-01  0.32384417E-04  0.55670362E-03  0.65224274E-07  0.25124874E-05  0.50603092E-08
  0.23250663E-16  0.98641073E-12  0.98095528E-16  0.12900322E-08  0.41617085E-11  0.64100159E-06  0.16784345E-14  0.54427004E-08  0.14202801E-03  0.71207682E-10  0.27044128E-05  0.11817282E-01  0.98095528E-16  0.93125714E-07  0.59922219E-03  0.14266503E-03  0.41617085E-11  0.46273054E-04  0.49857610E-01  0.23250663E-16  0.54427004E-08  0.10252814E-01  0.60190980E-03  0.98641073E-12  0.27044128E-05  0.85307388E+00  0.12900322E-08  0.59922219E-03  0.10298799E-01  0.64100159E-06  0.49857610E-01  0.14202801E-03  0.60190980E-03  0.11817282E-01  0.14266503E-03
  0.34412442E-07  0.76096186E-05  0.26224721E-06  0.63316720E-03  0.57990690E-04  0.76097228E-05  0.52874318E-05  0.48251830E-02  0.34343784E-07  0.11692091E-02  0.57991484E-04  0.69117796E-10  0.24046784E-04  0.97285404E-01  0.26172399E-06  0.52851498E-13  0.53174620E-02  0.11692251E-02  0.52672662E-09  0.23437454E-04  0.44244563E+00  0.52768825E-05  0.40276589E-12  0.51827209E-02  0.53175348E-02  0.10619869E-07  0.43123434E+00  0.23998806E-04  0.81205713E-11  0.51827918E-02  0.48298248E-07  0.23390692E-04  0.36931658E-10  0.47074401E-07  0.35995833E-10
  0.24146327E-12  0.31577921E-09  0.14366026E-11  0.15690695E-06  0.18787504E-08  0.34766632E-04  0.26122223E-10  0.93352887E-06  0.28927604E-02  0.34161945E-07  0.20684650E-03  0.34766210E-04  0.49836836E-10  0.16974667E-04  0.17210680E-01  0.15722073E-06  0.65175281E-07  0.37611589E-02  0.20684399E-03  0.38665022E-11  0.32384827E-04  0.31294752E+00  0.93539572E-06  0.50565082E-08  0.71756625E-02  0.37611132E-02  0.25125192E-05  0.59705157E+00  0.17008612E-04  0.55671101E-03  0.71755754E-02  0.46321183E-01  0.32449589E-04  0.55670425E-03  0.25175436E-05
  0.20822529E-21  0.23251090E-16  0.87851130E-21  0.98646653E-12  0.98097330E-16  0.12910612E-08  0.15031508E-19  0.41619440E-11  0.64230474E-06  0.16784653E-14  0.54470419E-08  0.14266985E-03  0.87851130E-21  0.71211711E-10  0.27099108E-05  0.11959303E-01  0.98097330E-16  0.93199999E-07  0.60193014E-03  0.20822529E-21  0.41619440E-11  0.46367127E-04  0.50456807E-01  0.23251090E-16  0.54470419E-08  0.10299148E-01  0.98646653E-12  0.27099108E-05  0.86332625E+00  0.12910612E-08  0.60193014E-03  0.64230474E-06  0.50456807E-01  0.14266985E-03  0.11959303E-01
  0.69169688E-10  0.34343339E-07  0.52712207E-09  0.76096219E-05  0.26172059E-06  0.63316730E-03  0.10627842E-07  0.57990715E-04  0.76096171E-05  0.52768141E-05  0.48251838E-02  0.34343349E-07  0.48334509E-07  0.11692096E-02  0.57990679E-04  0.69169688E-10  0.23998495E-04  0.97285420E-01  0.26172067E-06  0.47109744E-07  0.53174642E-02  0.11692088E-02  0.52712207E-09  0.23390389E-04  0.44244570E+00  0.52768157E-05  0.51827231E-02  0.53174609E-02  0.10627842E-07  0.43123441E+00  0.23998503E-04  0.51827198E-02  0.48334510E-07  0.23390396E-04  0.47109744E-07
  0.56915452E-17  0.24146414E-12  0.33862245E-16  0.31578784E-09  0.14366077E-11  0.15691121E-06  0.61572849E-15  0.18788018E-08  0.34767132E-04  0.26122317E-10  0.93355416E-06  0.28927602E-02  0.11747070E-14  0.34162879E-07  0.20684948E-03  0.34923068E-04  0.49837015E-10  0.16975126E-04  0.17210679E-01  0.91137555E-16  0.65177064E-07  0.37612130E-02  0.20777723E-03  0.38665161E-11  0.32385704E-04  0.31294751E+00  0.50566465E-08  0.71757658E-02  0.37780826E-02  0.25125872E-05  0.59705154E+00  0.55671902E-03  0.72079502E-02  0.46321181E-01  0.55921599E-03
  0.52851464E-13  0.69117731E-10  0.40276563E-12  0.34343784E-07  0.52672613E-09  0.76097181E-05  0.81205660E-11  0.26172399E-06  0.63316719E-03  0.10619859E-07  0.57991448E-04  0.76096257E-05  0.36931634E-10  0.52768825E-05  0.48251830E-02  0.34412464E-07  0.48298203E-07  0.11692243E-02  0.57990744E-04  0.35995810E-10  0.23998806E-04  0.97285404E-01  0.26224738E-06  0.47074358E-07  0.53175314E-02  0.11692101E-02  0.23390692E-04  0.44244563E+00  0.52874351E-05  0.51827886E-02  0.53174669E-02  0.43123433E+00  0.24046799E-04  0.51827257E-02  0.23437468E-04
  0.50971608E-22  0.56916497E-17  0.30325913E-21  0.24147780E-12  0.33862867E-16  0.31603974E-09  0.55142619E-20  0.14366890E-11  0.15723021E-06  0.61573980E-15  0.18803005E-08  0.34924248E-04  0.10520290E-19  0.26123795E-10  0.93545207E-06  0.29275259E-02  0.11747286E-14  0.34190130E-07  0.20778425E-03  0.81619799E-21  0.49839835E-10  0.17009637E-04  0.17417519E-01  0.91139229E-16  0.65229055E-07  0.37782103E-02  0.38667349E-11  0.32451544E-04  0.31670856E+00  0.50606801E-08  0.72081938E-02  0.25176953E-05  0.60422700E+00  0.55923489E-03  0.46877876E-01
  0.12457650E-17  0.52851654E-13  0.94936129E-17  0.69119622E-10  0.40276709E-12  0.34344714E-07  0.19141035E-15  0.52674053E-09  0.76098276E-05  0.81205953E-11  0.26173108E-06  0.63316716E-03  0.87051776E-15  0.10620150E-07  0.57992282E-04  0.76439588E-05  0.36931767E-10  0.52770254E-05  0.48251828E-02  0.84845939E-15  0.48299524E-07  0.11692412E-02  0.58252387E-04  0.35995939E-10  0.23999456E-04  0.97285399E-01  0.47075645E-07  0.53176080E-02  0.11744854E-02  0.23391326E-04  0.44244560E+00  0.51828632E-02  0.53414583E-02  0.43123431E+00  0.52061091E-02
  0.11156662E-22  0.12457879E-17  0.85021676E-22  0.52854645E-13  0.94937873E-17  0.69174757E-10  0.17142082E-20  0.40278987E-12  0.34414537E-07  0.19141386E-15  0.52716071E-09  0.76442172E-05  0.77960709E-20  0.81210547E-11  0.26226318E-06  0.64077666E-03  0.87053375E-15  0.10628621E-07  0.58254356E-04  0.75985234E-20  0.36933856E-10  0.52877536E-05  0.48831726E-02  0.84847498E-15  0.48338052E-07  0.11745251E-02  0.35997976E-10  0.24048247E-04  0.98454590E-01  0.47113197E-07  0.53416388E-02  0.23438880E-04  0.44776298E+00  0.52062851E-02  0.43641695E+00
