 -0.84198662E-01  0.83812335E-01  0.38625782E-03  0.69441160E-07  0.27757871E-12  0.00000000E+00  0.00000000E+00  0.00000000E+00  0.00000000E+00  0.00000000E+00  0.00000000E+00
  0.51174776E-01 -0.12917464E+00  0.77591774E-01  0.40801228E-03  0.82631058E-07  0.45662267E-12  0.00000000E+00  0.00000000E+00  0.00000000E+00  0.00000000E+00  0.00000000E+00
  0.39273618E-03  0.51172941E-01 -0.12350266E+00  0.71496210E-01  0.44065548E-03  0.11254318E-06  0.83827962E-12  0.00000000E+00  0.00000000E+00  0.00000000E+00  0.00000000E+00
  0.73782998E-07  0.41705301E-03  0.51674240E-01 -0.11825258E+00  0.65648409E-01  0.51264076E-03  0.16312072E-06  0.11607570E-11  0.00000000E+00  0.00000000E+00  0.00000000E+00
  0.32436665E-12  0.90149459E-07  0.45554960E-03  0.52445056E-01 -0.11465015E+00  0.61142653E-01  0.60661220E-03  0.18624509E-06  0.10814226E-11  0.00000000E+00  0.00000000E+00
  0.47287369E-19  0.61925424E-12  0.13557854E-06  0.55786589E-03  0.54472900E-01 -0.11006182E+00  0.54472913E-01  0.55786700E-03  0.13557898E-06  0.61925640E-12  0.00000000E+00
  0.16926591E-27  0.10733807E-18  0.10814211E-11  0.18624480E-06  0.60661250E-03  0.61142662E-01 -0.11465018E+00  0.52445080E-01  0.45555007E-03  0.90149295E-07  0.32434967E-12
  0.74552505E-38  0.25811714E-27  0.13659916E-18  0.11607668E-11  0.16312136E-06  0.51264203E-03  0.65648431E-01 -0.11825258E+00  0.51674218E-01  0.41705169E-03  0.73782395E-07
  0.47504401E-50  0.94395481E-38  0.27754696E-27  0.12475281E-18  0.83829501E-12  0.11254328E-06  0.44065507E-03  0.71496177E-01 -0.12350259E+00  0.51172913E-01  0.39273491E-03
  0.43418343E-64  0.51161247E-50  0.86629531E-38  0.21482223E-27  0.72930483E-19  0.45662200E-12  0.82630615E-07  0.40801087E-03  0.77591734E-01 -0.12917459E+00  0.51174758E-01
  0.55763841E-80  0.39912858E-64  0.39939800E-50  0.56250872E-38  0.99901759E-28  0.30591000E-19  0.27756277E-12  0.69440615E-07  0.38625676E-03  0.83812311E-01 -0.84198637E-01
