  0.91995280E+00  0.77335015E-01  0.26613447E-02  0.50228348E-04  0.60441219E-06  0.52590027E-08  0.33544074E-10  0.13020683E-12  0.26170419E-15  0.17548444E-18  0.48096245E-22
  0.47226326E-01  0.87986344E+00  0.70540091E-01  0.23259249E-02  0.43649741E-04  0.56421617E-06  0.53367306E-08  0.33445972E-10  0.12627203E-12  0.26665542E-15  0.17386334E-18
  0.12911245E-02  0.46534899E-01  0.88480092E+00  0.65272079E-01  0.20604265E-02  0.40000299E-04  0.54476168E-06  0.50821082E-08  0.30597752E-10  0.12026144E-12  0.25720879E-15
  0.23059633E-04  0.13115558E-02  0.47186464E-01  0.88941001E+00  0.60139722E-01  0.18912840E-02  0.37395716E-04  0.50487269E-06  0.44762587E-08  0.27540790E-10  0.10730177E-12
  0.29944810E-06  0.24423016E-04  0.13736334E-02  0.48053543E-01  0.89258346E+00  0.56193915E-01  0.17361773E-02  0.34103602E-04  0.43801828E-06  0.39140629E-08  0.23908595E-10
  0.31012911E-08  0.35455277E-06  0.28048335E-04  0.15232456E-02  0.50068480E-01  0.89675972E+00  0.50068492E-01  0.15232474E-02  0.28048366E-04  0.35455264E-06  0.31012865E-08
  0.23908651E-10  0.39140673E-08  0.43801800E-06  0.34103574E-04  0.17361775E-02  0.56193923E-01  0.89258343E+00  0.48053564E-01  0.13736339E-02  0.24422995E-04  0.29944752E-06
  0.10730219E-12  0.27540861E-10  0.44762604E-08  0.50487274E-06  0.37395754E-04  0.18912859E-02  0.60139741E-01  0.88941001E+00  0.47186445E-01  0.13115537E-02  0.23059569E-04
  0.25720936E-15  0.12026161E-12  0.30597727E-10  0.50821037E-08  0.54476184E-06  0.40000319E-04  0.20604259E-02  0.65272051E-01  0.88480098E+00  0.46534875E-01  0.12911226E-02
  0.17386354E-18  0.26665542E-15  0.12627170E-12  0.33445890E-10  0.53367249E-08  0.56421586E-06  0.43649680E-04  0.23259217E-02  0.70540058E-01  0.87986349E+00  0.47226311E-01
  0.48096284E-22  0.17548409E-18  0.26170308E-15  0.13020635E-12  0.33544000E-10  0.52589953E-08  0.60441076E-06  0.50228235E-04  0.26613419E-02  0.77334996E-01  0.91995282E+00
