  0.97895033E+00  0.20953084E-01  0.96564456E-04  0.17360290E-07  0.69394677E-13  0.00000000E+00  0.00000000E+00  0.00000000E+00  0.00000000E+00  0.00000000E+00  0.00000000E+00
  0.12793694E-01  0.96770634E+00  0.19397943E-01  0.10200307E-03  0.20657765E-07  0.11415567E-12  0.00000000E+00  0.00000000E+00  0.00000000E+00  0.00000000E+00  0.00000000E+00
  0.98184045E-04  0.12793235E-01  0.96912434E+00  0.17874053E-01  0.11016387E-03  0.28135794E-07  0.20956991E-12  0.00000000E+00  0.00000000E+00  0.00000000E+00  0.00000000E+00
  0.18445750E-07  0.10426325E-03  0.12918560E-01  0.97043685E+00  0.16412102E-01  0.12816019E-03  0.40780181E-07  0.29018925E-12  0.00000000E+00  0.00000000E+00  0.00000000E+00
  0.81091662E-13  0.22537365E-07  0.11388740E-03  0.13111264E-01  0.97133746E+00  0.15285663E-01  0.15165305E-03  0.46561272E-07  0.27035564E-12  0.00000000E+00  0.00000000E+00
  0.11821842E-19  0.15481356E-12  0.33894635E-07  0.13946647E-03  0.13618225E-01  0.97248455E+00  0.13618228E-01  0.13946675E-03  0.33894745E-07  0.15481410E-12  0.00000000E+00
  0.42316477E-28  0.26834518E-19  0.27035526E-12  0.46561200E-07  0.15165313E-03  0.15285666E-01  0.97133745E+00  0.13111270E-01  0.11388752E-03  0.22537324E-07  0.81087419E-13
  0.18638126E-38  0.64529284E-28  0.34149791E-19  0.29019170E-12  0.40780340E-07  0.12816051E-03  0.16412108E-01  0.97043686E+00  0.12918555E-01  0.10426292E-03  0.18445599E-07
  0.11876100E-50  0.23598870E-38  0.69386739E-28  0.31188202E-19  0.20957375E-12  0.28135820E-07  0.11016377E-03  0.17874044E-01  0.96912435E+00  0.12793228E-01  0.98183727E-04
  0.10854586E-64  0.12790312E-50  0.21657383E-38  0.53705559E-28  0.18232621E-19  0.11415550E-12  0.20657654E-07  0.10200272E-03  0.19397934E-01  0.96770635E+00  0.12793690E-01
  0.13940960E-80  0.99782145E-65  0.99849501E-51  0.14062718E-38  0.24975440E-28  0.76477499E-20  0.69390693E-13  0.17360154E-07  0.96564190E-04  0.20953078E-01  0.97895034E+00
