  0.25663211E-02
  0.41743240E-02
  0.62639379E-02
  0.50134722E-02
  0.85897064E-02
  0.18404213E-01
  0.81548084E-02
  0.10669150E-01
  0.50134722E-02
  0.29935905E-01
  0.11934100E-01
  0.12237003E-01
  0.81548084E-02
  0.44921442E-01
  0.10669151E-01
  0.16780540E-01
  0.12237003E-01
  0.61600547E-01
  0.85897084E-02
  0.20842866E-01
  0.25663211E-02
  0.16780540E-01
  0.76513147E-01
  0.62639395E-02
  0.23314026E-01
  0.41743240E-02
  0.20842866E-01
  0.85584656E-01
  0.20842867E-01
  0.41743247E-02
  0.23314026E-01
  0.62639379E-02
  0.76513153E-01
  0.16780544E-01
  0.25663214E-02
  0.20842867E-01
  0.85897064E-02
  0.61600561E-01
  0.12237006E-01
  0.16780544E-01
  0.10669150E-01
  0.44921454E-01
  0.81548100E-02
  0.12237006E-01
  0.11934100E-01
  0.29935911E-01
  0.50134727E-02
  0.10669151E-01
  0.81548100E-02
  0.18404215E-01
  0.85897084E-02
  0.50134727E-02
  0.62639395E-02
  0.41743247E-02
  0.25663214E-02
