 -0.23121077E+01
 -0.20401738E+01
 -0.17695654E+01
 -0.15172562E+01
 -0.15007292E+01
 -0.13366453E+01
 -0.12453222E+01
 -0.12345985E+01
 -0.11560344E+01
 -0.10647113E+01
 -0.97546252E+00
 -0.97471379E+00
 -0.88410043E+00
 -0.79410290E+00
 -0.71632654E+00
 -0.70587758E+00
 -0.61349201E+00
 -0.52526670E+00
 -0.45019601E+00
 -0.43974697E+00
 -0.36118280E+00
 -0.34465581E+00
 -0.25913608E+00
 -0.18135972E+00
 -0.18061095E+00
 -0.89248850E-01
 -0.78525194E-01
 -0.57752008E-07
  0.78525036E-01
  0.89248789E-01
  0.18061083E+00
  0.18135956E+00
  0.25913592E+00
  0.34465557E+00
  0.36118280E+00
  0.43974681E+00
  0.45019577E+00
  0.52526646E+00
  0.61349185E+00
  0.70587734E+00
  0.71632638E+00
  0.79410274E+00
  0.88410037E+00
  0.97471363E+00
  0.97546241E+00
  0.10647113E+01
  0.11560344E+01
  0.12345984E+01
  0.12453221E+01
  0.13366453E+01
  0.15007289E+01
  0.15172562E+01
  0.17695652E+01
  0.20401737E+01
  0.23121077E+01
