  0.26944793E-02
  0.26950447E-02
  0.18710527E-01
  0.26957084E-02
  0.18714453E-01
  0.26960077E-02
  0.10000838E+00
  0.18719062E-01
  0.26957084E-02
  0.10002937E+00
  0.18721140E-01
  0.18710527E-01
  0.26950447E-02
  0.10005400E+00
  0.18719062E-01
  0.18714453E-01
  0.26944793E-02
  0.10006511E+00
  0.26944793E-02
  0.18714453E-01
  0.18719062E-01
  0.10005400E+00
  0.26950447E-02
  0.18710527E-01
  0.18721140E-01
  0.10002937E+00
  0.26957084E-02
  0.18719062E-01
  0.10000838E+00
  0.26960077E-02
  0.18714453E-01
  0.26957084E-02
  0.18710527E-01
  0.26950447E-02
  0.26944793E-02
