 -0.18664987E+01
 -0.15632909E+01
 -0.13880611E+01
 -0.12600830E+01
 -0.10848532E+01
 -0.95687525E+00
 -0.90962343E+00
 -0.78164542E+00
 -0.65366741E+00
 -0.60641561E+00
 -0.47843763E+00
 -0.43118580E+00
 -0.35045967E+00
 -0.30320779E+00
 -0.17522978E+00
 -0.12797798E+00
 -0.47251824E-01
  0.00000000E+00
  0.47251824E-01
  0.12797796E+00
  0.17522984E+00
  0.30320785E+00
  0.35045964E+00
  0.43118580E+00
  0.47843763E+00
  0.60641558E+00
  0.65366746E+00
  0.78164547E+00
  0.90962343E+00
  0.95687525E+00
  0.10848532E+01
  0.12600831E+01
  0.13880611E+01
  0.15632908E+01
  0.18664987E+01
