 -0.61204929E+00  0.11947986E-01  0.59537534E+00  0.71662838E-07  0.00000000E+00  0.00000000E+00  0.46587661E-02  0.00000000E+00  0.00000000E+00  0.00000000E+00  0.00000000E+00  0.66973158E-04  0.00000000E+00  0.00000000E+00  0.00000000E+00  0.00000000E+00  0.00000000E+00  0.00000000E+00  0.15731761E-06  0.00000000E+00  0.00000000E+00  0.00000000E+00  0.00000000E+00  0.00000000E+00  0.00000000E+00  0.00000000E+00  0.00000000E+00  0.00000000E+00  0.00000000E+00  0.00000000E+00  0.00000000E+00  0.00000000E+00  0.00000000E+00  0.00000000E+00  0.00000000E+00
  0.11947587E-01 -0.62399672E+00  0.00000000E+00  0.11947829E-01  0.59537534E+00  0.71662893E-07  0.00000000E+00  0.00000000E+00  0.00000000E+00  0.46587661E-02  0.00000000E+00  0.00000000E+00  0.00000000E+00  0.00000000E+00  0.00000000E+00  0.66973158E-04  0.00000000E+00  0.00000000E+00  0.00000000E+00  0.00000000E+00  0.00000000E+00  0.00000000E+00  0.15731761E-06  0.00000000E+00  0.00000000E+00  0.00000000E+00  0.00000000E+00  0.00000000E+00  0.00000000E+00  0.00000000E+00  0.00000000E+00  0.00000000E+00  0.00000000E+00  0.00000000E+00  0.00000000E+00
  0.61092594E-01  0.00000000E+00 -0.40363757E+00  0.00000000E+00  0.11947986E-01  0.00000000E+00  0.32587102E+00  0.71662838E-07  0.00000000E+00  0.00000000E+00  0.00000000E+00  0.46587661E-02  0.00000000E+00  0.00000000E+00  0.00000000E+00  0.00000000E+00  0.00000000E+00  0.00000000E+00  0.67130475E-04  0.00000000E+00  0.00000000E+00  0.00000000E+00  0.00000000E+00  0.00000000E+00  0.00000000E+00  0.00000000E+00  0.00000000E+00  0.00000000E+00  0.00000000E+00  0.00000000E+00  0.00000000E+00  0.00000000E+00  0.00000000E+00  0.00000000E+00  0.00000000E+00
  0.71662838E-07  0.11947515E-01  0.00000000E+00 -0.62399657E+00  0.00000000E+00  0.11947676E-01  0.00000000E+00  0.59537534E+00  0.71662893E-07  0.00000000E+00  0.00000000E+00  0.00000000E+00  0.00000000E+00  0.46587661E-02  0.00000000E+00  0.00000000E+00  0.00000000E+00  0.00000000E+00  0.00000000E+00  0.00000000E+00  0.66973158E-04  0.00000000E+00  0.00000000E+00  0.00000000E+00  0.00000000E+00  0.00000000E+00  0.15731761E-06  0.00000000E+00  0.00000000E+00  0.00000000E+00  0.00000000E+00  0.00000000E+00  0.00000000E+00  0.00000000E+00  0.00000000E+00
  0.00000000E+00  0.61092594E-01  0.11947587E-01  0.00000000E+00 -0.41558500E+00  0.00000000E+00  0.00000000E+00  0.11947829E-01  0.00000000E+00  0.32587102E+00  0.71662893E-07  0.00000000E+00  0.00000000E+00  0.00000000E+00  0.00000000E+00  0.46587661E-02  0.00000000E+00  0.00000000E+00  0.00000000E+00  0.00000000E+00  0.00000000E+00  0.00000000E+00  0.67130475E-04  0.00000000E+00  0.00000000E+00  0.00000000E+00  0.00000000E+00  0.00000000E+00  0.00000000E+00  0.00000000E+00  0.00000000E+00  0.00000000E+00  0.00000000E+00  0.00000000E+00  0.00000000E+00
  0.98246877E-17  0.71662948E-07  0.00000000E+00  0.11947519E-01  0.00000000E+00 -0.62399641E+00  0.00000000E+00  0.00000000E+00  0.11947511E-01  0.00000000E+00  0.59537534E+00  0.00000000E+00  0.71662893E-07  0.00000000E+00  0.00000000E+00  0.00000000E+00  0.00000000E+00  0.46587661E-02  0.00000000E+00  0.00000000E+00  0.00000000E+00  0.00000000E+00  0.00000000E+00  0.00000000E+00  0.66973158E-04  0.00000000E+00  0.00000000E+00  0.00000000E+00  0.00000000E+00  0.15731761E-06  0.00000000E+00  0.00000000E+00  0.00000000E+00  0.00000000E+00  0.00000000E+00
  0.47258966E-02  0.00000000E+00  0.56366697E-01  0.00000000E+00  0.00000000E+00  0.00000000E+00 -0.13413324E+00  0.00000000E+00  0.00000000E+00  0.11947986E-01  0.00000000E+00  0.56366697E-01  0.00000000E+00  0.71662838E-07  0.00000000E+00  0.00000000E+00  0.00000000E+00  0.00000000E+00  0.47258966E-02  0.00000000E+00  0.00000000E+00  0.00000000E+00  0.00000000E+00  0.00000000E+00  0.00000000E+00  0.00000000E+00  0.00000000E+00  0.00000000E+00  0.00000000E+00  0.00000000E+00  0.00000000E+00  0.00000000E+00  0.00000000E+00  0.00000000E+00  0.00000000E+00
  0.00000000E+00  0.00000000E+00  0.71662838E-07  0.61092594E-01  0.11947515E-01  0.00000000E+00  0.00000000E+00 -0.41558484E+00  0.00000000E+00  0.00000000E+00  0.11947676E-01  0.00000000E+00  0.00000000E+00  0.32587102E+00  0.71662893E-07  0.00000000E+00  0.00000000E+00  0.00000000E+00  0.00000000E+00  0.00000000E+00  0.46587661E-02  0.00000000E+00  0.00000000E+00  0.00000000E+00  0.00000000E+00  0.00000000E+00  0.67130475E-04  0.00000000E+00  0.00000000E+00  0.00000000E+00  0.00000000E+00  0.00000000E+00  0.00000000E+00  0.00000000E+00  0.00000000E+00
  0.23583873E-31  0.98246630E-17  0.00000000E+00  0.71662782E-07  0.00000000E+00  0.11947668E-01  0.00000000E+00  0.00000000E+00 -0.62399657E+00  0.00000000E+00  0.00000000E+00  0.00000000E+00  0.11947526E-01  0.00000000E+00  0.59537534E+00  0.00000000E+00  0.71663114E-07  0.00000000E+00  0.00000000E+00  0.00000000E+00  0.00000000E+00  0.46587661E-02  0.00000000E+00  0.00000000E+00  0.00000000E+00  0.00000000E+00  0.00000000E+00  0.66973158E-04  0.00000000E+00  0.00000000E+00  0.00000000E+00  0.15731761E-06  0.00000000E+00  0.00000000E+00  0.00000000E+00
  0.00000000E+00  0.47258966E-02  0.00000000E+00  0.00000000E+00  0.56366697E-01  0.00000000E+00  0.11947587E-01  0.00000000E+00  0.00000000E+00 -0.14608067E+00  0.00000000E+00  0.00000000E+00  0.00000000E+00  0.11947829E-01  0.00000000E+00  0.56366697E-01  0.00000000E+00  0.71662893E-07  0.00000000E+00  0.00000000E+00  0.00000000E+00  0.00000000E+00  0.47258966E-02  0.00000000E+00  0.00000000E+00  0.00000000E+00  0.00000000E+00  0.00000000E+00  0.00000000E+00  0.00000000E+00  0.00000000E+00  0.00000000E+00  0.00000000E+00  0.00000000E+00  0.00000000E+00
  0.00000000E+00  0.00000000E+00  0.98246877E-17  0.00000000E+00  0.71662948E-07  0.61092594E-01  0.00000000E+00  0.11947519E-01  0.00000000E+00  0.00000000E+00 -0.41558468E+00  0.00000000E+00  0.00000000E+00  0.00000000E+00  0.11947511E-01  0.00000000E+00  0.00000000E+00  0.32587102E+00  0.00000000E+00  0.71662893E-07  0.00000000E+00  0.00000000E+00  0.00000000E+00  0.00000000E+00  0.46587661E-02  0.00000000E+00  0.00000000E+00  0.00000000E+00  0.00000000E+00  0.67130475E-04  0.00000000E+00  0.00000000E+00  0.00000000E+00  0.00000000E+00  0.00000000E+00
  0.67130475E-04  0.00000000E+00  0.46587661E-02  0.00000000E+00  0.00000000E+00  0.00000000E+00  0.32587102E+00  0.00000000E+00  0.00000000E+00  0.00000000E+00  0.00000000E+00 -0.40363757E+00  0.00000000E+00  0.00000000E+00  0.00000000E+00  0.11947986E-01  0.00000000E+00  0.00000000E+00  0.61092594E-01  0.00000000E+00  0.71662838E-07  0.00000000E+00  0.00000000E+00  0.00000000E+00  0.00000000E+00  0.00000000E+00  0.00000000E+00  0.00000000E+00  0.00000000E+00  0.00000000E+00  0.00000000E+00  0.00000000E+00  0.00000000E+00  0.00000000E+00  0.00000000E+00
  0.91774773E-51  0.23584120E-31  0.00000000E+00  0.98247248E-17  0.00000000E+00  0.71663114E-07  0.00000000E+00  0.00000000E+00  0.11947840E-01  0.00000000E+00  0.00000000E+00  0.00000000E+00 -0.62399673E+00  0.00000000E+00  0.00000000E+00  0.00000000E+00  0.11947583E-01  0.00000000E+00  0.00000000E+00  0.59537534E+00  0.00000000E+00  0.00000000E+00  0.00000000E+00  0.00000000E+00  0.00000000E+00  0.46587661E-02  0.00000000E+00  0.00000000E+00  0.00000000E+00  0.00000000E+00  0.66973158E-04  0.00000000E+00  0.00000000E+00  0.15731761E-06  0.00000000E+00
  0.00000000E+00  0.00000000E+00  0.00000000E+00  0.47258966E-02  0.00000000E+00  0.00000000E+00  0.71662838E-07  0.56366697E-01  0.00000000E+00  0.11947515E-01  0.00000000E+00  0.00000000E+00  0.00000000E+00 -0.14608052E+00  0.00000000E+00  0.00000000E+00  0.00000000E+00  0.11947676E-01  0.00000000E+00  0.00000000E+00  0.56366697E-01  0.71662893E-07  0.00000000E+00  0.00000000E+00  0.00000000E+00  0.00000000E+00  0.47258966E-02  0.00000000E+00  0.00000000E+00  0.00000000E+00  0.00000000E+00  0.00000000E+00  0.00000000E+00  0.00000000E+00  0.00000000E+00
  0.00000000E+00  0.00000000E+00  0.23583873E-31  0.00000000E+00  0.98246630E-17  0.00000000E+00  0.00000000E+00  0.71662782E-07  0.61092594E-01  0.00000000E+00  0.11947668E-01  0.00000000E+00  0.00000000E+00  0.00000000E+00 -0.41558485E+00  0.00000000E+00  0.00000000E+00  0.00000000E+00  0.00000000E+00  0.11947526E-01  0.00000000E+00  0.32587102E+00  0.00000000E+00  0.71663114E-07  0.00000000E+00  0.00000000E+00  0.00000000E+00  0.46587661E-02  0.00000000E+00  0.00000000E+00  0.00000000E+00  0.67130475E-04  0.00000000E+00  0.00000000E+00  0.00000000E+00
  0.00000000E+00  0.67130475E-04  0.00000000E+00  0.00000000E+00  0.46587661E-02  0.00000000E+00  0.00000000E+00  0.00000000E+00  0.00000000E+00  0.32587102E+00  0.00000000E+00  0.11947587E-01  0.00000000E+00  0.00000000E+00  0.00000000E+00 -0.41558500E+00  0.00000000E+00  0.00000000E+00  0.00000000E+00  0.00000000E+00  0.11947829E-01  0.00000000E+00  0.61092594E-01  0.00000000E+00  0.71662893E-07  0.00000000E+00  0.00000000E+00  0.00000000E+00  0.00000000E+00  0.00000000E+00  0.00000000E+00  0.00000000E+00  0.00000000E+00  0.00000000E+00  0.00000000E+00
  0.56069407E-75  0.91774361E-51  0.00000000E+00  0.23583997E-31  0.00000000E+00  0.98247001E-17  0.00000000E+00  0.00000000E+00  0.71662893E-07  0.00000000E+00  0.00000000E+00  0.00000000E+00  0.11947982E-01  0.00000000E+00  0.00000000E+00  0.00000000E+00 -0.61204929E+00  0.00000000E+00  0.00000000E+00  0.00000000E+00  0.00000000E+00  0.00000000E+00  0.00000000E+00  0.59537534E+00  0.00000000E+00  0.00000000E+00  0.00000000E+00  0.00000000E+00  0.46587661E-02  0.00000000E+00  0.00000000E+00  0.00000000E+00  0.66973158E-04  0.00000000E+00  0.15731761E-06
  0.00000000E+00  0.00000000E+00  0.00000000E+00  0.00000000E+00  0.00000000E+00  0.47258966E-02  0.98246877E-17  0.00000000E+00  0.00000000E+00  0.71662948E-07  0.56366697E-01  0.00000000E+00  0.00000000E+00  0.11947519E-01  0.00000000E+00  0.00000000E+00  0.00000000E+00 -0.14608036E+00  0.00000000E+00  0.00000000E+00  0.00000000E+00  0.11947511E-01  0.00000000E+00  0.00000000E+00  0.56366697E-01  0.71662893E-07  0.00000000E+00  0.00000000E+00  0.00000000E+00  0.47258966E-02  0.00000000E+00  0.00000000E+00  0.00000000E+00  0.00000000E+00  0.00000000E+00
  0.15731761E-06  0.00000000E+00  0.66973158E-04  0.00000000E+00  0.00000000E+00  0.00000000E+00  0.46587661E-02  0.00000000E+00  0.00000000E+00  0.00000000E+00  0.00000000E+00  0.59537534E+00  0.00000000E+00  0.00000000E+00  0.00000000E+00  0.00000000E+00  0.00000000E+00  0.00000000E+00 -0.61204929E+00  0.00000000E+00  0.00000000E+00  0.00000000E+00  0.11947986E-01  0.00000000E+00  0.00000000E+00  0.00000000E+00  0.71662838E-07  0.00000000E+00  0.00000000E+00  0.00000000E+00  0.00000000E+00  0.00000000E+00  0.00000000E+00  0.00000000E+00  0.00000000E+00
  0.00000000E+00  0.00000000E+00  0.91774773E-51  0.00000000E+00  0.23584120E-31  0.00000000E+00  0.00000000E+00  0.98247248E-17  0.00000000E+00  0.00000000E+00  0.71663114E-07  0.00000000E+00  0.61092594E-01  0.00000000E+00  0.11947840E-01  0.00000000E+00  0.00000000E+00  0.00000000E+00  0.00000000E+00 -0.41558500E+00  0.00000000E+00  0.00000000E+00  0.00000000E+00  0.11947583E-01  0.00000000E+00  0.32587102E+00  0.00000000E+00  0.00000000E+00  0.00000000E+00  0.00000000E+00  0.46587661E-02  0.00000000E+00  0.00000000E+00  0.67130475E-04  0.00000000E+00
  0.00000000E+00  0.00000000E+00  0.00000000E+00  0.67130475E-04  0.00000000E+00  0.00000000E+00  0.00000000E+00  0.46587661E-02  0.00000000E+00  0.00000000E+00  0.00000000E+00  0.71662838E-07  0.00000000E+00  0.32587102E+00  0.00000000E+00  0.11947515E-01  0.00000000E+00  0.00000000E+00  0.00000000E+00  0.00000000E+00 -0.41558484E+00  0.00000000E+00  0.00000000E+00  0.00000000E+00  0.11947676E-01  0.00000000E+00  0.61092594E-01  0.71662893E-07  0.00000000E+00  0.00000000E+00  0.00000000E+00  0.00000000E+00  0.00000000E+00  0.00000000E+00  0.00000000E+00
  0.00000000E+00  0.00000000E+00  0.00000000E+00  0.00000000E+00  0.00000000E+00  0.00000000E+00  0.23583873E-31  0.00000000E+00  0.47258966E-02  0.98246630E-17  0.00000000E+00  0.00000000E+00  0.00000000E+00  0.71662782E-07  0.56366697E-01  0.00000000E+00  0.00000000E+00  0.11947668E-01  0.00000000E+00  0.00000000E+00  0.00000000E+00 -0.14608053E+00  0.00000000E+00  0.00000000E+00  0.00000000E+00  0.11947526E-01  0.00000000E+00  0.56366697E-01  0.71663114E-07  0.00000000E+00  0.00000000E+00  0.47258966E-02  0.00000000E+00  0.00000000E+00  0.00000000E+00
  0.00000000E+00  0.15731761E-06  0.00000000E+00  0.00000000E+00  0.66973158E-04  0.00000000E+00  0.00000000E+00  0.00000000E+00  0.00000000E+00  0.46587661E-02  0.00000000E+00  0.00000000E+00  0.00000000E+00  0.00000000E+00  0.00000000E+00  0.59537534E+00  0.00000000E+00  0.00000000E+00  0.11947587E-01  0.00000000E+00  0.00000000E+00  0.00000000E+00 -0.62399672E+00  0.00000000E+00  0.00000000E+00  0.00000000E+00  0.11947829E-01  0.00000000E+00  0.00000000E+00  0.71662893E-07  0.00000000E+00  0.00000000E+00  0.00000000E+00  0.00000000E+00  0.00000000E+00
  0.00000000E+00  0.00000000E+00  0.56069407E-75  0.00000000E+00  0.91774361E-51  0.00000000E+00  0.00000000E+00  0.23583997E-31  0.00000000E+00  0.00000000E+00  0.98247001E-17  0.00000000E+00  0.00000000E+00  0.00000000E+00  0.71662893E-07  0.00000000E+00  0.61092594E-01  0.00000000E+00  0.00000000E+00  0.11947982E-01  0.00000000E+00  0.00000000E+00  0.00000000E+00 -0.40363756E+00  0.00000000E+00  0.00000000E+00  0.00000000E+00  0.00000000E+00  0.32587102E+00  0.00000000E+00  0.00000000E+00  0.00000000E+00  0.46587661E-02  0.00000000E+00  0.67130475E-04
  0.00000000E+00  0.00000000E+00  0.00000000E+00  0.00000000E+00  0.00000000E+00  0.67130475E-04  0.00000000E+00  0.00000000E+00  0.00000000E+00  0.00000000E+00  0.46587661E-02  0.98246877E-17  0.00000000E+00  0.00000000E+00  0.00000000E+00  0.71662948E-07  0.00000000E+00  0.32587102E+00  0.00000000E+00  0.00000000E+00  0.11947519E-01  0.00000000E+00  0.00000000E+00  0.00000000E+00 -0.41558468E+00  0.00000000E+00  0.00000000E+00  0.11947511E-01  0.00000000E+00  0.61092594E-01  0.71662893E-07  0.00000000E+00  0.00000000E+00  0.00000000E+00  0.00000000E+00
  0.00000000E+00  0.00000000E+00  0.00000000E+00  0.00000000E+00  0.00000000E+00  0.00000000E+00  0.91774773E-51  0.00000000E+00  0.00000000E+00  0.23584120E-31  0.00000000E+00  0.00000000E+00  0.47258966E-02  0.98247248E-17  0.00000000E+00  0.00000000E+00  0.00000000E+00  0.71663114E-07  0.00000000E+00  0.56366697E-01  0.00000000E+00  0.11947840E-01  0.00000000E+00  0.00000000E+00  0.00000000E+00 -0.14608068E+00  0.00000000E+00  0.00000000E+00  0.11947583E-01  0.00000000E+00  0.56366697E-01  0.00000000E+00  0.00000000E+00  0.47258966E-02  0.00000000E+00
  0.00000000E+00  0.00000000E+00  0.00000000E+00  0.15731761E-06  0.00000000E+00  0.00000000E+00  0.00000000E+00  0.66973158E-04  0.00000000E+00  0.00000000E+00  0.00000000E+00  0.00000000E+00  0.00000000E+00  0.46587661E-02  0.00000000E+00  0.00000000E+00  0.00000000E+00  0.00000000E+00  0.71662838E-07  0.00000000E+00  0.59537534E+00  0.00000000E+00  0.11947515E-01  0.00000000E+00  0.00000000E+00  0.00000000E+00 -0.62399657E+00  0.00000000E+00  0.00000000E+00  0.11947676E-01  0.00000000E+00  0.71662893E-07  0.00000000E+00  0.00000000E+00  0.00000000E+00
  0.00000000E+00  0.00000000E+00  0.00000000E+00  0.00000000E+00  0.00000000E+00  0.00000000E+00  0.00000000E+00  0.00000000E+00  0.67130475E-04  0.00000000E+00  0.00000000E+00  0.23583873E-31  0.00000000E+00  0.00000000E+00  0.46587661E-02  0.98246630E-17  0.00000000E+00  0.00000000E+00  0.00000000E+00  0.00000000E+00  0.71662782E-07  0.32587102E+00  0.00000000E+00  0.00000000E+00  0.11947668E-01  0.00000000E+00  0.00000000E+00 -0.41558485E+00  0.00000000E+00  0.00000000E+00  0.11947526E-01  0.61092594E-01  0.71663114E-07  0.00000000E+00  0.00000000E+00
  0.00000000E+00  0.00000000E+00  0.00000000E+00  0.00000000E+00  0.00000000E+00  0.00000000E+00  0.56069407E-75  0.00000000E+00  0.00000000E+00  0.91774361E-51  0.00000000E+00  0.00000000E+00  0.00000000E+00  0.23583997E-31  0.00000000E+00  0.00000000E+00  0.47258966E-02  0.98247001E-17  0.00000000E+00  0.00000000E+00  0.00000000E+00  0.71662893E-07  0.00000000E+00  0.56366697E-01  0.00000000E+00  0.11947982E-01  0.00000000E+00  0.00000000E+00 -0.13413324E+00  0.00000000E+00  0.00000000E+00  0.00000000E+00  0.56366697E-01  0.00000000E+00  0.47258966E-02
  0.00000000E+00  0.00000000E+00  0.00000000E+00  0.00000000E+00  0.00000000E+00  0.15731761E-06  0.00000000E+00  0.00000000E+00  0.00000000E+00  0.00000000E+00  0.66973158E-04  0.00000000E+00  0.00000000E+00  0.00000000E+00  0.00000000E+00  0.00000000E+00  0.00000000E+00  0.46587661E-02  0.98246877E-17  0.00000000E+00  0.00000000E+00  0.00000000E+00  0.71662948E-07  0.00000000E+00  0.59537534E+00  0.00000000E+00  0.11947519E-01  0.00000000E+00  0.00000000E+00 -0.62399641E+00  0.00000000E+00  0.11947511E-01  0.00000000E+00  0.71662893E-07  0.00000000E+00
  0.00000000E+00  0.00000000E+00  0.00000000E+00  0.00000000E+00  0.00000000E+00  0.00000000E+00  0.00000000E+00  0.00000000E+00  0.00000000E+00  0.00000000E+00  0.00000000E+00  0.91774773E-51  0.67130475E-04  0.00000000E+00  0.00000000E+00  0.23584120E-31  0.00000000E+00  0.00000000E+00  0.00000000E+00  0.46587661E-02  0.98247248E-17  0.00000000E+00  0.00000000E+00  0.00000000E+00  0.71663114E-07  0.32587102E+00  0.00000000E+00  0.11947840E-01  0.00000000E+00  0.00000000E+00 -0.41558500E+00  0.00000000E+00  0.11947583E-01  0.61092594E-01  0.00000000E+00
  0.00000000E+00  0.00000000E+00  0.00000000E+00  0.00000000E+00  0.00000000E+00  0.00000000E+00  0.00000000E+00  0.00000000E+00  0.15731761E-06  0.00000000E+00  0.00000000E+00  0.00000000E+00  0.00000000E+00  0.00000000E+00  0.66973158E-04  0.00000000E+00  0.00000000E+00  0.00000000E+00  0.23583873E-31  0.00000000E+00  0.00000000E+00  0.46587661E-02  0.98246630E-17  0.00000000E+00  0.00000000E+00  0.00000000E+00  0.71662782E-07  0.59537534E+00  0.00000000E+00  0.11947668E-01  0.00000000E+00 -0.62399657E+00  0.00000000E+00  0.11947526E-01  0.71663114E-07
  0.00000000E+00  0.00000000E+00  0.00000000E+00  0.00000000E+00  0.00000000E+00  0.00000000E+00  0.00000000E+00  0.00000000E+00  0.00000000E+00  0.00000000E+00  0.00000000E+00  0.56069407E-75  0.00000000E+00  0.00000000E+00  0.00000000E+00  0.91774361E-51  0.67130475E-04  0.00000000E+00  0.00000000E+00  0.00000000E+00  0.23583997E-31  0.00000000E+00  0.00000000E+00  0.46587661E-02  0.98247001E-17  0.00000000E+00  0.00000000E+00  0.71662893E-07  0.32587102E+00  0.00000000E+00  0.11947982E-01  0.00000000E+00 -0.40363756E+00  0.00000000E+00  0.61092594E-01
  0.00000000E+00  0.00000000E+00  0.00000000E+00  0.00000000E+00  0.00000000E+00  0.00000000E+00  0.00000000E+00  0.00000000E+00  0.00000000E+00  0.00000000E+00  0.00000000E+00  0.00000000E+00  0.15731761E-06  0.00000000E+00  0.00000000E+00  0.00000000E+00  0.00000000E+00  0.00000000E+00  0.91774773E-51  0.66973158E-04  0.00000000E+00  0.00000000E+00  0.23584120E-31  0.00000000E+00  0.00000000E+00  0.46587661E-02  0.98247248E-17  0.00000000E+00  0.00000000E+00  0.71663114E-07  0.59537534E+00  0.11947840E-01  0.00000000E+00 -0.62399673E+00  0.11947583E-01
  0.00000000E+00  0.00000000E+00  0.00000000E+00  0.00000000E+00  0.00000000E+00  0.00000000E+00  0.00000000E+00  0.00000000E+00  0.00000000E+00  0.00000000E+00  0.00000000E+00  0.00000000E+00  0.00000000E+00  0.00000000E+00  0.00000000E+00  0.00000000E+00  0.15731761E-06  0.00000000E+00  0.56069407E-75  0.00000000E+00  0.00000000E+00  0.00000000E+00  0.91774361E-51  0.66973158E-04  0.00000000E+00  0.00000000E+00  0.23583997E-31  0.00000000E+00  0.46587661E-02  0.98247001E-17  0.00000000E+00  0.71662893E-07  0.59537534E+00  0.11947982E-01 -0.61204929E+00
