  0.52597069E+00  0.62746258E-02  0.39773788E+00  0.28248554E-04  0.47448582E-02  0.56780883E-07  0.62820823E-01  0.21361494E-04  0.43384779E-10  0.74942799E-03  0.42937579E-07  0.15469940E-02  0.10225830E-14  0.33739473E-05  0.32807474E-10  0.18455037E-04  0.91576208E-20  0.67817881E-08  0.82087551E-04  0.77327498E-15  0.83085131E-07  0.51817859E-11  0.97927256E-06  0.69249727E-20  0.16700491E-09  0.12213514E-15  0.44087145E-08  0.12760405E-12  0.10937668E-20  0.88617174E-11  0.30076385E-17  0.67710050E-14  0.26934551E-22  0.15959317E-18  0.14292178E-23
  0.62744164E-02  0.51972457E+00  0.47446998E-02  0.62463908E-02  0.39301457E+00  0.28191258E-04  0.74940297E-03  0.47235070E-02  0.56735597E-07  0.62074799E-01  0.21318167E-04  0.18454421E-04  0.43382368E-10  0.74605566E-03  0.42903333E-07  0.15286228E-02  0.10225647E-14  0.33671040E-05  0.97923987E-06  0.32805651E-10  0.18371992E-04  0.67763792E-08  0.81112726E-04  0.77326115E-15  0.82916610E-07  0.51814980E-11  0.97486596E-06  0.16687171E-09  0.12213295E-15  0.43997723E-08  0.12759697E-12  0.88546496E-11  0.30075847E-17  0.67706289E-14  0.15959032E-18
  0.41275362E-01  0.49239901E-03  0.67079099E+00  0.22167951E-05  0.80022757E-02  0.44558594E-08  0.26613038E+00  0.36026485E-04  0.34046049E-11  0.31748319E-02  0.72414880E-07  0.93001792E-02  0.80246831E-16  0.14293189E-04  0.55330305E-10  0.11094752E-03  0.71864101E-21  0.28729962E-07  0.66156596E-03  0.13041400E-14  0.49948907E-06  0.21951808E-10  0.78922246E-05  0.11679072E-19  0.10039958E-08  0.51740600E-15  0.35531032E-07  0.76712680E-12  0.46335682E-20  0.71418997E-10  0.18081245E-16  0.54569376E-13  0.16192445E-21  0.12862049E-17  0.11518456E-22
  0.28246872E-04  0.62462268E-02  0.21360222E-04  0.51972459E+00  0.47233830E-02  0.62463115E-02  0.33737464E-05  0.39301459E+00  0.28190510E-04  0.74603607E-03  0.47234470E-02  0.83080183E-07  0.56734166E-07  0.62074802E-01  0.21317602E-04  0.18371509E-04  0.43382253E-10  0.74604618E-03  0.44084519E-08  0.42902252E-07  0.15286229E-02  0.33670147E-05  0.97484036E-06  0.32805564E-10  0.18371758E-04  0.67762084E-08  0.81112730E-04  0.82914413E-07  0.51814842E-11  0.97485357E-06  0.16686750E-09  0.43996557E-08  0.12759663E-12  0.88544264E-11  0.67706109E-14
  0.49238258E-03  0.40785199E-01  0.80020085E-02  0.49018328E-03  0.66282506E+00  0.22122988E-05  0.31747259E-02  0.79662665E-02  0.44523056E-08  0.26296997E+00  0.35953413E-04  0.11094382E-03  0.34044158E-11  0.31605456E-02  0.72357125E-07  0.91897356E-02  0.80245395E-16  0.14264198E-04  0.78919611E-05  0.55327231E-10  0.11044827E-03  0.28707048E-07  0.65370958E-03  0.13041167E-14  0.49847596E-06  0.21950588E-10  0.78567106E-05  0.10031951E-08  0.51739674E-15  0.35458965E-07  0.76708418E-12  0.71362035E-10  0.18080921E-16  0.54566345E-13  0.12861819E-17
  0.56776769E-07  0.28190149E-04  0.42934467E-07  0.62462295E-02  0.21317329E-04  0.51972467E+00  0.67812967E-08  0.47233850E-02  0.62462256E-02  0.33669716E-05  0.39301465E+00  0.16699281E-09  0.28190158E-04  0.74603639E-03  0.47233820E-02  0.82913349E-07  0.56776769E-07  0.62074812E-01  0.88610752E-11  0.21317335E-04  0.18371517E-04  0.74603592E-03  0.43995993E-08  0.42934468E-07  0.15286231E-02  0.33669726E-05  0.97484078E-06  0.18371506E-04  0.67812968E-08  0.81112743E-04  0.82913375E-07  0.97484017E-06  0.16699281E-09  0.43996006E-08  0.88610753E-11
  0.46043363E-02  0.54927942E-04  0.46878439E-01  0.24728724E-06  0.55924155E-03  0.49705865E-09  0.88519293E+00  0.25177222E-05  0.37978943E-12  0.10560007E-01  0.50607366E-08  0.46878439E-01  0.89516696E-17  0.47541470E-04  0.38667757E-11  0.55924155E-03  0.80165619E-22  0.95560526E-07  0.46043363E-02  0.91140236E-16  0.25177222E-05  0.73015283E-10  0.54927942E-04  0.81619561E-21  0.50607366E-08  0.17209765E-14  0.24728724E-06  0.38667757E-11  0.15412002E-19  0.49705865E-09  0.91140236E-16  0.37978943E-12  0.81619561E-21  0.89516696E-17  0.80165619E-22
  0.22166631E-05  0.49017041E-03  0.36024340E-04  0.40785201E-01  0.79660573E-02  0.49017705E-03  0.14292337E-04  0.66282509E+00  0.22122402E-05  0.31604626E-02  0.79661652E-02  0.49945933E-06  0.44521934E-08  0.26296998E+00  0.35952460E-04  0.11044537E-03  0.34044067E-11  0.31605054E-02  0.35528916E-07  0.72355301E-07  0.91897360E-02  0.14263820E-04  0.78565043E-05  0.55327084E-10  0.11044687E-03  0.28706324E-07  0.65370961E-03  0.49846275E-06  0.21950530E-10  0.78566108E-05  0.10031698E-08  0.35458025E-07  0.76708214E-12  0.71360237E-10  0.54566199E-13
  0.43382225E-10  0.56734114E-07  0.32805543E-10  0.28190510E-04  0.42902212E-07  0.62463076E-02  0.51814808E-11  0.21317602E-04  0.51972459E+00  0.67762021E-08  0.47234440E-02  0.12759654E-12  0.62462326E-02  0.33670147E-05  0.39301459E+00  0.16686735E-09  0.28246889E-04  0.74604572E-03  0.67706065E-14  0.47233873E-02  0.82914412E-07  0.62074802E-01  0.88544181E-11  0.21360235E-04  0.18371747E-04  0.74603676E-03  0.43996557E-08  0.15286229E-02  0.33737485E-05  0.97485297E-06  0.18371526E-04  0.81112730E-04  0.83080235E-07  0.97484127E-06  0.44084547E-08
  0.54926108E-04  0.45496579E-02  0.55922288E-03  0.54680773E-04  0.46321738E-01  0.24678567E-06  0.10559655E-01  0.55672503E-03  0.49666221E-09  0.87468089E+00  0.25126156E-05  0.55922288E-03  0.37976833E-12  0.10512489E-01  0.50567004E-08  0.46321738E-01  0.89515094E-17  0.47445042E-04  0.54926108E-04  0.38665609E-11  0.55672503E-03  0.95484310E-07  0.45496579E-02  0.91138605E-16  0.25126156E-05  0.73011227E-10  0.54680773E-04  0.50567004E-08  0.17209457E-14  0.24678567E-06  0.38665609E-11  0.49666221E-09  0.91138605E-16  0.37976833E-12  0.89515094E-17
  0.44555366E-08  0.22122118E-05  0.72409633E-07  0.49017062E-03  0.35951999E-04  0.40785208E-01  0.28727880E-07  0.79660607E-02  0.49017031E-03  0.14263637E-04  0.66282520E+00  0.10039231E-08  0.22122125E-05  0.31604639E-02  0.79660557E-02  0.49845636E-06  0.44555366E-08  0.26297002E+00  0.71413822E-10  0.35952010E-04  0.11044542E-03  0.31604620E-02  0.35457570E-07  0.72409634E-07  0.91897375E-02  0.14263641E-04  0.78565076E-05  0.11044535E-03  0.28727880E-07  0.65370971E-03  0.49845651E-06  0.78565028E-05  0.10039231E-08  0.35457581E-07  0.71413822E-10
  0.66156596E-03  0.78922246E-05  0.93001792E-02  0.35531032E-07  0.11094752E-03  0.71418997E-10  0.26613038E+00  0.49948907E-06  0.54569376E-13  0.31748319E-02  0.10039958E-08  0.67079099E+00  0.12862049E-17  0.14293189E-04  0.76712680E-12  0.80022757E-02  0.11518456E-22  0.28729962E-07  0.41275362E-01  0.18081245E-16  0.36026485E-04  0.21951808E-10  0.49239901E-03  0.16192445E-21  0.72414880E-07  0.51740600E-15  0.22167951E-05  0.55330305E-10  0.46335682E-20  0.44558594E-08  0.13041400E-14  0.34046049E-11  0.11679072E-19  0.80246831E-16  0.71864101E-21
  0.10225649E-14  0.43382369E-10  0.77326131E-15  0.56735650E-07  0.32805652E-10  0.28191266E-04  0.12213298E-15  0.42903373E-07  0.62463966E-02  0.51814981E-11  0.21318174E-04  0.30075854E-17  0.51972456E+00  0.67763856E-08  0.47235114E-02  0.12759697E-12  0.62744144E-02  0.33671050E-05  0.15959035E-18  0.39301457E+00  0.16687187E-09  0.74605635E-03  0.67706290E-14  0.47446984E-02  0.82916636E-07  0.62074799E-01  0.88546578E-11  0.18372009E-04  0.74940274E-03  0.43997737E-08  0.15286228E-02  0.97486686E-06  0.18454415E-04  0.81112726E-04  0.97923956E-06
  0.24727252E-06  0.54679337E-04  0.25175723E-05  0.45496581E-02  0.55671042E-03  0.54680078E-04  0.47538639E-04  0.46321740E-01  0.24677913E-06  0.10512213E-01  0.55671796E-03  0.25175723E-05  0.49664969E-09  0.87468092E+00  0.25125490E-05  0.55671042E-03  0.37976732E-12  0.10512355E-01  0.24727252E-06  0.50565729E-08  0.46321740E-01  0.47443785E-04  0.54679337E-04  0.38665506E-11  0.55671796E-03  0.95481903E-07  0.45496581E-02  0.25125490E-05  0.73011033E-10  0.54680078E-04  0.50565729E-08  0.24677913E-06  0.38665506E-11  0.49664969E-09  0.37976732E-12
  0.34044045E-11  0.44521892E-08  0.55327048E-10  0.22122402E-05  0.72355234E-07  0.49017675E-03  0.21950516E-10  0.35952460E-04  0.40785201E-01  0.28706297E-07  0.79661603E-02  0.76708164E-12  0.49017087E-03  0.14263820E-04  0.66282509E+00  0.10031689E-08  0.22166645E-05  0.31605035E-02  0.54566164E-13  0.79660647E-02  0.49846275E-06  0.26296998E+00  0.71360170E-10  0.36024362E-04  0.11044680E-03  0.31604655E-02  0.35458025E-07  0.91897360E-02  0.14292346E-04  0.78566059E-05  0.11044547E-03  0.65370961E-03  0.49945964E-06  0.78565116E-05  0.35528938E-07
  0.78919611E-05  0.65370958E-03  0.11094382E-03  0.78567106E-05  0.91897356E-02  0.35458965E-07  0.31747259E-02  0.11044827E-03  0.71362035E-10  0.26296997E+00  0.49847596E-06  0.80020085E-02  0.54566345E-13  0.31605456E-02  0.10031951E-08  0.66282506E+00  0.12861819E-17  0.14264198E-04  0.49238258E-03  0.76708418E-12  0.79662665E-02  0.28707048E-07  0.40785199E-01  0.18080921E-16  0.35953413E-04  0.21950588E-10  0.49018328E-03  0.72357125E-07  0.51739674E-15  0.22122988E-05  0.55327231E-10  0.44523056E-08  0.13041167E-14  0.34044158E-11  0.80245395E-16
  0.91577547E-20  0.10225834E-14  0.69250739E-20  0.43384806E-10  0.77327533E-15  0.56780884E-07  0.10937828E-20  0.32807495E-10  0.28248571E-04  0.12213519E-15  0.42937579E-07  0.26934945E-22  0.62746239E-02  0.51817891E-11  0.21361507E-04  0.30076399E-17  0.52597069E+00  0.67817882E-08  0.14292387E-23  0.47448567E-02  0.12760414E-12  0.33739494E-05  0.15959324E-18  0.39773788E+00  0.16700491E-09  0.74942775E-03  0.67710093E-14  0.83085183E-07  0.62820823E-01  0.88617174E-11  0.18455031E-04  0.44087172E-08  0.15469940E-02  0.97927225E-06  0.82087551E-04
  0.49702263E-09  0.24677597E-06  0.50603699E-08  0.54679360E-04  0.25125168E-05  0.45496588E-02  0.95553602E-07  0.55671065E-03  0.54679326E-04  0.47443177E-04  0.46321747E-01  0.50603699E-08  0.24677604E-06  0.10512217E-01  0.55671030E-03  0.25125168E-05  0.49702263E-09  0.87468106E+00  0.49702263E-09  0.25125175E-05  0.55671065E-03  0.10512211E-01  0.24677597E-06  0.50603700E-08  0.46321747E-01  0.47443191E-04  0.54679360E-04  0.55671030E-03  0.95553602E-07  0.45496588E-02  0.25125175E-05  0.54679326E-04  0.50603700E-08  0.24677604E-06  0.49702263E-09
  0.82087551E-04  0.97927256E-06  0.15469940E-02  0.44087145E-08  0.18455037E-04  0.88617174E-11  0.62820823E-01  0.83085131E-07  0.67710050E-14  0.74942799E-03  0.16700491E-09  0.39773788E+00  0.15959317E-18  0.33739473E-05  0.12760405E-12  0.47448582E-02  0.14292178E-23  0.67817881E-08  0.52597069E+00  0.30076385E-17  0.21361494E-04  0.51817859E-11  0.62746258E-02  0.26934551E-22  0.42937579E-07  0.12213514E-15  0.28248554E-04  0.32807474E-10  0.10937668E-20  0.56780883E-07  0.77327498E-15  0.43384779E-10  0.69249727E-20  0.10225830E-14  0.91576208E-20
  0.80245413E-16  0.34044159E-11  0.13041170E-14  0.44523098E-08  0.55327232E-10  0.22122995E-05  0.51739685E-15  0.72357192E-07  0.49018373E-03  0.21950589E-10  0.35953424E-04  0.18080925E-16  0.40785199E-01  0.28707075E-07  0.79662738E-02  0.76708420E-12  0.49238242E-03  0.14264202E-04  0.12861821E-17  0.66282506E+00  0.10031960E-08  0.31605485E-02  0.54566346E-13  0.80020060E-02  0.49847612E-06  0.26296997E+00  0.71362102E-10  0.11044837E-03  0.31747249E-02  0.35458976E-07  0.91897355E-02  0.78567179E-05  0.11094378E-03  0.65370958E-03  0.78919587E-05
  0.35528916E-07  0.78565043E-05  0.49945933E-06  0.65370961E-03  0.11044537E-03  0.78566108E-05  0.14292337E-04  0.91897360E-02  0.35458025E-07  0.31604626E-02  0.11044687E-03  0.36024340E-04  0.71360237E-10  0.26296998E+00  0.49846275E-06  0.79660573E-02  0.54566199E-13  0.31605054E-02  0.22166631E-05  0.10031698E-08  0.66282509E+00  0.14263820E-04  0.49017041E-03  0.76708214E-12  0.79661652E-02  0.28706324E-07  0.40785201E-01  0.35952460E-04  0.21950530E-10  0.49017705E-03  0.72355301E-07  0.22122402E-05  0.55327084E-10  0.44521934E-08  0.34044067E-11
  0.37976708E-12  0.49664923E-09  0.38665481E-11  0.24677913E-06  0.50565682E-08  0.54680044E-04  0.73010985E-10  0.25125490E-05  0.45496580E-02  0.95481814E-07  0.55671761E-03  0.38665481E-11  0.54679388E-04  0.47443785E-04  0.46321739E-01  0.50565682E-08  0.24727267E-06  0.10512349E-01  0.37976708E-12  0.55671093E-03  0.25125490E-05  0.87468092E+00  0.49664923E-09  0.25175739E-05  0.55671761E-03  0.10512222E-01  0.24677913E-06  0.46321739E-01  0.47538669E-04  0.54680044E-04  0.55671093E-03  0.45496580E-02  0.25175739E-05  0.54679388E-04  0.24727267E-06
  0.97923987E-06  0.81112726E-04  0.18454421E-04  0.97486596E-06  0.15286228E-02  0.43997723E-08  0.74940297E-03  0.18371992E-04  0.88546496E-11  0.62074799E-01  0.82916610E-07  0.47446998E-02  0.67706289E-14  0.74605566E-03  0.16687171E-09  0.39301457E+00  0.15959032E-18  0.33671040E-05  0.62744164E-02  0.12759697E-12  0.47235070E-02  0.67763792E-08  0.51972457E+00  0.30075847E-17  0.21318167E-04  0.51814980E-11  0.62463908E-02  0.42903333E-07  0.12213295E-15  0.28191258E-04  0.32805651E-10  0.56735597E-07  0.77326115E-15  0.43382368E-10  0.10225647E-14
  0.71865152E-21  0.80246867E-16  0.11679243E-19  0.34046071E-11  0.13041406E-14  0.44558595E-08  0.46336360E-20  0.55330340E-10  0.22167965E-05  0.51740623E-15  0.72414881E-07  0.16192682E-21  0.49239886E-03  0.21951822E-10  0.36026508E-04  0.18081253E-16  0.41275362E-01  0.28729962E-07  0.11518624E-22  0.80022732E-02  0.76712728E-12  0.14293198E-04  0.12862055E-17  0.67079099E+00  0.10039958E-08  0.31748309E-02  0.54569411E-13  0.49948938E-06  0.26613038E+00  0.71418997E-10  0.11094749E-03  0.35531054E-07  0.93001792E-02  0.78922221E-05  0.66156596E-03
  0.71413822E-10  0.35457570E-07  0.10039231E-08  0.78565076E-05  0.49845636E-06  0.65370971E-03  0.28727880E-07  0.11044542E-03  0.78565028E-05  0.14263637E-04  0.91897375E-02  0.72409633E-07  0.35457581E-07  0.31604639E-02  0.11044535E-03  0.35951999E-04  0.71413822E-10  0.26297002E+00  0.44555366E-08  0.49845651E-06  0.79660607E-02  0.31604620E-02  0.22122118E-05  0.10039231E-08  0.66282520E+00  0.14263641E-04  0.49017062E-03  0.79660557E-02  0.28727880E-07  0.40785208E-01  0.35952010E-04  0.49017031E-03  0.72409634E-07  0.22122125E-05  0.44555366E-08
  0.89515113E-17  0.37976834E-12  0.91138624E-16  0.49666267E-09  0.38665610E-11  0.24678575E-06  0.17209461E-14  0.50567051E-08  0.54680824E-04  0.73011228E-10  0.25126163E-05  0.91138624E-16  0.45496578E-02  0.95484399E-07  0.55672555E-03  0.38665610E-11  0.54926091E-04  0.47445057E-04  0.89515113E-17  0.46321737E-01  0.50567051E-08  0.10512498E-01  0.37976834E-12  0.55922270E-03  0.25126163E-05  0.87468088E+00  0.49666267E-09  0.55672555E-03  0.10559652E-01  0.24678575E-06  0.46321737E-01  0.54680824E-04  0.55922270E-03  0.45496578E-02  0.54926091E-04
  0.44084519E-08  0.97484036E-06  0.83080183E-07  0.81112730E-04  0.18371509E-04  0.97485357E-06  0.33737464E-05  0.15286229E-02  0.43996557E-08  0.74603607E-03  0.18371758E-04  0.21360222E-04  0.88544264E-11  0.62074802E-01  0.82914413E-07  0.47233830E-02  0.67706109E-14  0.74604618E-03  0.28246872E-04  0.16686750E-09  0.39301459E+00  0.33670147E-05  0.62462268E-02  0.12759663E-12  0.47234470E-02  0.67762084E-08  0.51972459E+00  0.21317602E-04  0.51814842E-11  0.62463115E-02  0.42902252E-07  0.28190510E-04  0.32805564E-10  0.56734166E-07  0.43382253E-10
  0.54566164E-13  0.71360170E-10  0.76708164E-12  0.35458025E-07  0.10031689E-08  0.78566059E-05  0.21950516E-10  0.49846275E-06  0.65370961E-03  0.28706297E-07  0.11044680E-03  0.55327048E-10  0.78565116E-05  0.14263820E-04  0.91897360E-02  0.72355234E-07  0.35528938E-07  0.31605035E-02  0.34044045E-11  0.11044547E-03  0.35952460E-04  0.26296998E+00  0.44521892E-08  0.49945964E-06  0.79661603E-02  0.31604655E-02  0.22122402E-05  0.66282509E+00  0.14292346E-04  0.49017675E-03  0.79660647E-02  0.40785201E-01  0.36024362E-04  0.49017087E-03  0.22166645E-05
  0.80166791E-22  0.89516736E-17  0.81620754E-21  0.37978967E-12  0.91140277E-16  0.49705865E-09  0.15412227E-19  0.38667781E-11  0.24728740E-06  0.17209773E-14  0.50607367E-08  0.81620754E-21  0.54927924E-04  0.73015329E-10  0.25177238E-05  0.91140277E-16  0.46043363E-02  0.95560527E-07  0.80166791E-22  0.55924137E-03  0.38667781E-11  0.47541500E-04  0.89516736E-17  0.46878439E-01  0.50607367E-08  0.10560004E-01  0.37978967E-12  0.25177238E-05  0.88519293E+00  0.49705865E-09  0.55924137E-03  0.24728740E-06  0.46878439E-01  0.54927924E-04  0.46043363E-02
  0.88610752E-11  0.43995993E-08  0.16699281E-09  0.97484078E-06  0.82913349E-07  0.81112743E-04  0.67812967E-08  0.18371517E-04  0.97484017E-06  0.33669716E-05  0.15286231E-02  0.42934467E-07  0.43996006E-08  0.74603639E-03  0.18371506E-04  0.21317329E-04  0.88610753E-11  0.62074812E-01  0.56776769E-07  0.82913375E-07  0.47233850E-02  0.74603592E-03  0.28190149E-04  0.16699281E-09  0.39301465E+00  0.33669726E-05  0.62462295E-02  0.47233820E-02  0.67812968E-08  0.51972467E+00  0.21317335E-04  0.62462256E-02  0.42934468E-07  0.28190158E-04  0.56776769E-07
  0.12861821E-17  0.54566346E-13  0.18080925E-16  0.71362102E-10  0.76708420E-12  0.35458976E-07  0.51739685E-15  0.10031960E-08  0.78567179E-05  0.21950589E-10  0.49847612E-06  0.13041170E-14  0.65370958E-03  0.28707075E-07  0.11044837E-03  0.55327232E-10  0.78919587E-05  0.14264202E-04  0.80245413E-16  0.91897355E-02  0.72357192E-07  0.31605485E-02  0.34044159E-11  0.11094378E-03  0.35953424E-04  0.26296997E+00  0.44523098E-08  0.79662738E-02  0.31747249E-02  0.22122995E-05  0.66282506E+00  0.49018373E-03  0.80020060E-02  0.40785199E-01  0.49238242E-03
  0.67706065E-14  0.88544181E-11  0.12759654E-12  0.43996557E-08  0.16686735E-09  0.97485297E-06  0.51814808E-11  0.82914412E-07  0.81112730E-04  0.67762021E-08  0.18371747E-04  0.32805543E-10  0.97484127E-06  0.33670147E-05  0.15286229E-02  0.42902212E-07  0.44084547E-08  0.74604572E-03  0.43382225E-10  0.18371526E-04  0.21317602E-04  0.62074802E-01  0.56734114E-07  0.83080235E-07  0.47234440E-02  0.74603676E-03  0.28190510E-04  0.39301459E+00  0.33737485E-05  0.62463076E-02  0.47233873E-02  0.51972459E+00  0.21360235E-04  0.62462326E-02  0.28246889E-04
  0.11518624E-22  0.12862055E-17  0.16192682E-21  0.54569411E-13  0.18081253E-16  0.71418997E-10  0.46336360E-20  0.76712728E-12  0.35531054E-07  0.51740623E-15  0.10039958E-08  0.11679243E-19  0.78922221E-05  0.21951822E-10  0.49948938E-06  0.13041406E-14  0.66156596E-03  0.28729962E-07  0.71865152E-21  0.11094749E-03  0.55330340E-10  0.14293198E-04  0.80246867E-16  0.93001792E-02  0.72414881E-07  0.31748309E-02  0.34046071E-11  0.36026508E-04  0.26613038E+00  0.44558595E-08  0.80022732E-02  0.22167965E-05  0.67079099E+00  0.49239886E-03  0.41275362E-01
  0.15959035E-18  0.67706290E-14  0.30075854E-17  0.88546578E-11  0.12759697E-12  0.43997737E-08  0.12213298E-15  0.16687187E-09  0.97486686E-06  0.51814981E-11  0.82916636E-07  0.77326131E-15  0.81112726E-04  0.67763856E-08  0.18372009E-04  0.32805652E-10  0.97923956E-06  0.33671050E-05  0.10225649E-14  0.15286228E-02  0.42903373E-07  0.74605635E-03  0.43382369E-10  0.18454415E-04  0.21318174E-04  0.62074799E-01  0.56735650E-07  0.47235114E-02  0.74940274E-03  0.28191266E-04  0.39301457E+00  0.62463966E-02  0.47446984E-02  0.51972456E+00  0.62744144E-02
  0.14292387E-23  0.15959324E-18  0.26934945E-22  0.67710093E-14  0.30076399E-17  0.88617174E-11  0.10937828E-20  0.12760414E-12  0.44087172E-08  0.12213519E-15  0.16700491E-09  0.69250739E-20  0.97927225E-06  0.51817891E-11  0.83085183E-07  0.77327533E-15  0.82087551E-04  0.67817882E-08  0.91577547E-20  0.18455031E-04  0.32807495E-10  0.33739494E-05  0.10225834E-14  0.15469940E-02  0.42937579E-07  0.74942775E-03  0.43384806E-10  0.21361507E-04  0.62820823E-01  0.56780884E-07  0.47448567E-02  0.28248571E-04  0.39773788E+00  0.62746239E-02  0.52597069E+00
