  0.31470108E-02
  0.31477184E-02
  0.18139097E-01
  0.31485249E-02
  0.18143175E-01
  0.31488902E-02
  0.10024394E+00
  0.18147824E-01
  0.31485249E-02
  0.10026647E+00
  0.18149930E-01
  0.31477183E-02
  0.18139097E-01
  0.10029217E+00
  0.18147824E-01
  0.31470108E-02
  0.18143175E-01
  0.10030380E+00
  0.18143175E-01
  0.31470108E-02
  0.18147824E-01
  0.10029217E+00
  0.18139097E-01
  0.31477184E-02
  0.18149930E-01
  0.10026647E+00
  0.31485249E-02
  0.18147824E-01
  0.10024394E+00
  0.31488902E-02
  0.18143175E-01
  0.31485249E-02
  0.18139097E-01
  0.31477183E-02
  0.31470108E-02
