 -0.19955097E+01
 -0.16923019E+01
 -0.14525666E+01
 -0.13890941E+01
 -0.11493587E+01
 -0.10858863E+01
 -0.90962342E+00
 -0.84615092E+00
 -0.78267842E+00
 -0.60641561E+00
 -0.54294313E+00
 -0.47947068E+00
 -0.36668029E+00
 -0.30320779E+00
 -0.23973529E+00
 -0.17626284E+00
 -0.63472476E-01
  0.00000000E+00
  0.63472449E-01
  0.17626284E+00
  0.23973534E+00
  0.30320784E+00
  0.36668029E+00
  0.47947065E+00
  0.54294313E+00
  0.60641558E+00
  0.78267847E+00
  0.84615097E+00
  0.90962342E+00
  0.10858863E+01
  0.11493587E+01
  0.13890941E+01
  0.14525666E+01
  0.16923018E+01
  0.19955097E+01
