 -0.72909873E+00  0.11948165E-01  0.70732677E+00  0.71662851E-07  0.00000000E+00  0.00000000E+00  0.94021219E-02  0.00000000E+00  0.00000000E+00  0.00000000E+00  0.00000000E+00  0.00000000E+00  0.41652648E-03  0.00000000E+00  0.00000000E+00  0.00000000E+00  0.00000000E+00  0.00000000E+00  0.00000000E+00  0.50722229E-05  0.00000000E+00  0.00000000E+00  0.00000000E+00  0.00000000E+00  0.00000000E+00  0.00000000E+00  0.00000000E+00  0.00000000E+00  0.00000000E+00  0.00000000E+00  0.00000000E+00  0.00000000E+00  0.00000000E+00  0.00000000E+00  0.00000000E+00
  0.11947587E-01 -0.74104610E+00  0.00000000E+00  0.11947949E-01  0.70732677E+00  0.71662906E-07  0.00000000E+00  0.00000000E+00  0.00000000E+00  0.94021219E-02  0.00000000E+00  0.00000000E+00  0.00000000E+00  0.00000000E+00  0.00000000E+00  0.00000000E+00  0.41652648E-03  0.00000000E+00  0.00000000E+00  0.00000000E+00  0.00000000E+00  0.00000000E+00  0.00000000E+00  0.50722229E-05  0.00000000E+00  0.00000000E+00  0.00000000E+00  0.00000000E+00  0.00000000E+00  0.00000000E+00  0.00000000E+00  0.00000000E+00  0.00000000E+00  0.00000000E+00  0.00000000E+00
  0.69708462E-01  0.00000000E+00 -0.47508618E+00  0.00000000E+00  0.11948165E-01  0.00000000E+00  0.38360576E+00  0.71662851E-07  0.00000000E+00  0.00000000E+00  0.00000000E+00  0.00000000E+00  0.94021219E-02  0.00000000E+00  0.00000000E+00  0.00000000E+00  0.00000000E+00  0.00000000E+00  0.00000000E+00  0.42159871E-03  0.00000000E+00  0.00000000E+00  0.00000000E+00  0.00000000E+00  0.00000000E+00  0.00000000E+00  0.00000000E+00  0.00000000E+00  0.00000000E+00  0.00000000E+00  0.00000000E+00  0.00000000E+00  0.00000000E+00  0.00000000E+00  0.00000000E+00
  0.71662851E-07  0.11947515E-01  0.00000000E+00 -0.74104589E+00  0.00000000E+00  0.11947736E-01  0.00000000E+00  0.70732677E+00  0.71662906E-07  0.00000000E+00  0.00000000E+00  0.00000000E+00  0.00000000E+00  0.94021219E-02  0.00000000E+00  0.00000000E+00  0.00000000E+00  0.00000000E+00  0.00000000E+00  0.00000000E+00  0.41652648E-03  0.00000000E+00  0.00000000E+00  0.00000000E+00  0.00000000E+00  0.00000000E+00  0.50722229E-05  0.00000000E+00  0.00000000E+00  0.00000000E+00  0.00000000E+00  0.00000000E+00  0.00000000E+00  0.00000000E+00  0.00000000E+00
  0.00000000E+00  0.69708462E-01  0.11947587E-01  0.00000000E+00 -0.48703355E+00  0.00000000E+00  0.00000000E+00  0.11947949E-01  0.00000000E+00  0.38360576E+00  0.71662906E-07  0.00000000E+00  0.00000000E+00  0.00000000E+00  0.00000000E+00  0.00000000E+00  0.94021219E-02  0.00000000E+00  0.00000000E+00  0.00000000E+00  0.00000000E+00  0.00000000E+00  0.00000000E+00  0.42159871E-03  0.00000000E+00  0.00000000E+00  0.00000000E+00  0.00000000E+00  0.00000000E+00  0.00000000E+00  0.00000000E+00  0.00000000E+00  0.00000000E+00  0.00000000E+00  0.00000000E+00
  0.98246925E-17  0.71662961E-07  0.00000000E+00  0.11947519E-01  0.00000000E+00 -0.74104567E+00  0.00000000E+00  0.00000000E+00  0.11947512E-01  0.00000000E+00  0.70732677E+00  0.71662906E-07  0.00000000E+00  0.00000000E+00  0.00000000E+00  0.00000000E+00  0.00000000E+00  0.94021219E-02  0.00000000E+00  0.00000000E+00  0.00000000E+00  0.00000000E+00  0.00000000E+00  0.00000000E+00  0.41652648E-03  0.00000000E+00  0.00000000E+00  0.00000000E+00  0.00000000E+00  0.50722229E-05  0.00000000E+00  0.00000000E+00  0.00000000E+00  0.00000000E+00  0.00000000E+00
  0.98237206E-02  0.00000000E+00  0.59884741E-01  0.00000000E+00  0.00000000E+00  0.00000000E+00 -0.15136516E+00  0.00000000E+00  0.00000000E+00  0.11948165E-01  0.00000000E+00  0.00000000E+00  0.59884741E-01  0.71662851E-07  0.00000000E+00  0.00000000E+00  0.00000000E+00  0.00000000E+00  0.00000000E+00  0.98237206E-02  0.00000000E+00  0.00000000E+00  0.00000000E+00  0.00000000E+00  0.00000000E+00  0.00000000E+00  0.00000000E+00  0.00000000E+00  0.00000000E+00  0.00000000E+00  0.00000000E+00  0.00000000E+00  0.00000000E+00  0.00000000E+00  0.00000000E+00
  0.00000000E+00  0.00000000E+00  0.71662851E-07  0.69708462E-01  0.11947515E-01  0.00000000E+00  0.00000000E+00 -0.48703333E+00  0.00000000E+00  0.00000000E+00  0.11947736E-01  0.00000000E+00  0.00000000E+00  0.38360576E+00  0.71662906E-07  0.00000000E+00  0.00000000E+00  0.00000000E+00  0.00000000E+00  0.00000000E+00  0.94021219E-02  0.00000000E+00  0.00000000E+00  0.00000000E+00  0.00000000E+00  0.00000000E+00  0.42159871E-03  0.00000000E+00  0.00000000E+00  0.00000000E+00  0.00000000E+00  0.00000000E+00  0.00000000E+00  0.00000000E+00  0.00000000E+00
  0.23583895E-31  0.98246678E-17  0.00000000E+00  0.71662795E-07  0.00000000E+00  0.11947728E-01  0.00000000E+00  0.00000000E+00 -0.74104589E+00  0.00000000E+00  0.00000000E+00  0.11947527E-01  0.00000000E+00  0.00000000E+00  0.70732677E+00  0.71663127E-07  0.00000000E+00  0.00000000E+00  0.00000000E+00  0.00000000E+00  0.00000000E+00  0.94021219E-02  0.00000000E+00  0.00000000E+00  0.00000000E+00  0.00000000E+00  0.00000000E+00  0.41652648E-03  0.00000000E+00  0.00000000E+00  0.00000000E+00  0.50722229E-05  0.00000000E+00  0.00000000E+00  0.00000000E+00
  0.00000000E+00  0.98237206E-02  0.00000000E+00  0.00000000E+00  0.59884741E-01  0.00000000E+00  0.11947587E-01  0.00000000E+00  0.00000000E+00 -0.16331253E+00  0.00000000E+00  0.00000000E+00  0.00000000E+00  0.11947949E-01  0.00000000E+00  0.00000000E+00  0.59884741E-01  0.71662906E-07  0.00000000E+00  0.00000000E+00  0.00000000E+00  0.00000000E+00  0.00000000E+00  0.98237206E-02  0.00000000E+00  0.00000000E+00  0.00000000E+00  0.00000000E+00  0.00000000E+00  0.00000000E+00  0.00000000E+00  0.00000000E+00  0.00000000E+00  0.00000000E+00  0.00000000E+00
  0.00000000E+00  0.00000000E+00  0.98246925E-17  0.00000000E+00  0.71662961E-07  0.69708462E-01  0.00000000E+00  0.11947519E-01  0.00000000E+00  0.00000000E+00 -0.48703311E+00  0.00000000E+00  0.00000000E+00  0.00000000E+00  0.11947512E-01  0.00000000E+00  0.00000000E+00  0.38360576E+00  0.71662906E-07  0.00000000E+00  0.00000000E+00  0.00000000E+00  0.00000000E+00  0.00000000E+00  0.94021219E-02  0.00000000E+00  0.00000000E+00  0.00000000E+00  0.00000000E+00  0.42159871E-03  0.00000000E+00  0.00000000E+00  0.00000000E+00  0.00000000E+00  0.00000000E+00
  0.91774918E-51  0.23584143E-31  0.00000000E+00  0.98247296E-17  0.00000000E+00  0.71663127E-07  0.00000000E+00  0.00000000E+00  0.11947960E-01  0.00000000E+00  0.00000000E+00 -0.74104611E+00  0.00000000E+00  0.00000000E+00  0.00000000E+00  0.11947583E-01  0.00000000E+00  0.00000000E+00  0.70732677E+00  0.00000000E+00  0.00000000E+00  0.00000000E+00  0.00000000E+00  0.00000000E+00  0.00000000E+00  0.94021219E-02  0.00000000E+00  0.00000000E+00  0.00000000E+00  0.00000000E+00  0.41652648E-03  0.00000000E+00  0.00000000E+00  0.50722229E-05  0.00000000E+00
  0.42159871E-03  0.00000000E+00  0.94021219E-02  0.00000000E+00  0.00000000E+00  0.00000000E+00  0.38360576E+00  0.00000000E+00  0.00000000E+00  0.00000000E+00  0.00000000E+00  0.00000000E+00 -0.47508618E+00  0.00000000E+00  0.00000000E+00  0.00000000E+00  0.11948165E-01  0.00000000E+00  0.00000000E+00  0.69708462E-01  0.71662851E-07  0.00000000E+00  0.00000000E+00  0.00000000E+00  0.00000000E+00  0.00000000E+00  0.00000000E+00  0.00000000E+00  0.00000000E+00  0.00000000E+00  0.00000000E+00  0.00000000E+00  0.00000000E+00  0.00000000E+00  0.00000000E+00
  0.00000000E+00  0.00000000E+00  0.00000000E+00  0.98237206E-02  0.00000000E+00  0.00000000E+00  0.71662851E-07  0.59884741E-01  0.00000000E+00  0.11947515E-01  0.00000000E+00  0.00000000E+00  0.00000000E+00 -0.16331232E+00  0.00000000E+00  0.00000000E+00  0.00000000E+00  0.11947736E-01  0.00000000E+00  0.00000000E+00  0.59884741E-01  0.71662906E-07  0.00000000E+00  0.00000000E+00  0.00000000E+00  0.00000000E+00  0.98237206E-02  0.00000000E+00  0.00000000E+00  0.00000000E+00  0.00000000E+00  0.00000000E+00  0.00000000E+00  0.00000000E+00  0.00000000E+00
  0.00000000E+00  0.00000000E+00  0.23583895E-31  0.00000000E+00  0.98246678E-17  0.00000000E+00  0.00000000E+00  0.71662795E-07  0.69708462E-01  0.00000000E+00  0.11947728E-01  0.00000000E+00  0.00000000E+00  0.00000000E+00 -0.48703334E+00  0.00000000E+00  0.00000000E+00  0.00000000E+00  0.11947527E-01  0.00000000E+00  0.00000000E+00  0.38360576E+00  0.71663127E-07  0.00000000E+00  0.00000000E+00  0.00000000E+00  0.00000000E+00  0.94021219E-02  0.00000000E+00  0.00000000E+00  0.00000000E+00  0.42159871E-03  0.00000000E+00  0.00000000E+00  0.00000000E+00
  0.56069539E-75  0.91774506E-51  0.00000000E+00  0.23584019E-31  0.00000000E+00  0.98247049E-17  0.00000000E+00  0.00000000E+00  0.71662906E-07  0.00000000E+00  0.00000000E+00  0.11948162E-01  0.00000000E+00  0.00000000E+00  0.00000000E+00 -0.72909873E+00  0.00000000E+00  0.00000000E+00  0.00000000E+00  0.00000000E+00  0.00000000E+00  0.00000000E+00  0.70732677E+00  0.00000000E+00  0.00000000E+00  0.00000000E+00  0.00000000E+00  0.00000000E+00  0.94021219E-02  0.00000000E+00  0.00000000E+00  0.00000000E+00  0.41652648E-03  0.00000000E+00  0.50722229E-05
  0.00000000E+00  0.42159871E-03  0.00000000E+00  0.00000000E+00  0.94021219E-02  0.00000000E+00  0.00000000E+00  0.00000000E+00  0.00000000E+00  0.38360576E+00  0.00000000E+00  0.00000000E+00  0.11947587E-01  0.00000000E+00  0.00000000E+00  0.00000000E+00 -0.48703355E+00  0.00000000E+00  0.00000000E+00  0.00000000E+00  0.11947949E-01  0.00000000E+00  0.00000000E+00  0.69708462E-01  0.71662906E-07  0.00000000E+00  0.00000000E+00  0.00000000E+00  0.00000000E+00  0.00000000E+00  0.00000000E+00  0.00000000E+00  0.00000000E+00  0.00000000E+00  0.00000000E+00
  0.00000000E+00  0.00000000E+00  0.00000000E+00  0.00000000E+00  0.00000000E+00  0.98237206E-02  0.98246925E-17  0.00000000E+00  0.00000000E+00  0.71662961E-07  0.59884741E-01  0.00000000E+00  0.00000000E+00  0.11947519E-01  0.00000000E+00  0.00000000E+00  0.00000000E+00 -0.16331210E+00  0.00000000E+00  0.00000000E+00  0.00000000E+00  0.11947512E-01  0.00000000E+00  0.00000000E+00  0.59884741E-01  0.71662906E-07  0.00000000E+00  0.00000000E+00  0.00000000E+00  0.98237206E-02  0.00000000E+00  0.00000000E+00  0.00000000E+00  0.00000000E+00  0.00000000E+00
  0.00000000E+00  0.00000000E+00  0.91774918E-51  0.00000000E+00  0.23584143E-31  0.00000000E+00  0.00000000E+00  0.98247296E-17  0.00000000E+00  0.00000000E+00  0.71663127E-07  0.69708462E-01  0.00000000E+00  0.00000000E+00  0.11947960E-01  0.00000000E+00  0.00000000E+00  0.00000000E+00 -0.48703356E+00  0.00000000E+00  0.00000000E+00  0.00000000E+00  0.11947583E-01  0.00000000E+00  0.00000000E+00  0.38360576E+00  0.00000000E+00  0.00000000E+00  0.00000000E+00  0.00000000E+00  0.94021219E-02  0.00000000E+00  0.00000000E+00  0.42159871E-03  0.00000000E+00
  0.50722229E-05  0.00000000E+00  0.41652648E-03  0.00000000E+00  0.00000000E+00  0.00000000E+00  0.94021219E-02  0.00000000E+00  0.00000000E+00  0.00000000E+00  0.00000000E+00  0.00000000E+00  0.70732677E+00  0.00000000E+00  0.00000000E+00  0.00000000E+00  0.00000000E+00  0.00000000E+00  0.00000000E+00 -0.72909873E+00  0.00000000E+00  0.00000000E+00  0.00000000E+00  0.11948165E-01  0.00000000E+00  0.00000000E+00  0.71662851E-07  0.00000000E+00  0.00000000E+00  0.00000000E+00  0.00000000E+00  0.00000000E+00  0.00000000E+00  0.00000000E+00  0.00000000E+00
  0.00000000E+00  0.00000000E+00  0.00000000E+00  0.42159871E-03  0.00000000E+00  0.00000000E+00  0.00000000E+00  0.94021219E-02  0.00000000E+00  0.00000000E+00  0.00000000E+00  0.00000000E+00  0.71662851E-07  0.38360576E+00  0.00000000E+00  0.00000000E+00  0.11947515E-01  0.00000000E+00  0.00000000E+00  0.00000000E+00 -0.48703333E+00  0.00000000E+00  0.00000000E+00  0.00000000E+00  0.11947736E-01  0.00000000E+00  0.69708462E-01  0.71662906E-07  0.00000000E+00  0.00000000E+00  0.00000000E+00  0.00000000E+00  0.00000000E+00  0.00000000E+00  0.00000000E+00
  0.00000000E+00  0.00000000E+00  0.00000000E+00  0.00000000E+00  0.00000000E+00  0.00000000E+00  0.23583895E-31  0.00000000E+00  0.98237206E-02  0.98246678E-17  0.00000000E+00  0.00000000E+00  0.00000000E+00  0.71662795E-07  0.59884741E-01  0.00000000E+00  0.00000000E+00  0.11947728E-01  0.00000000E+00  0.00000000E+00  0.00000000E+00 -0.16331232E+00  0.00000000E+00  0.00000000E+00  0.00000000E+00  0.11947527E-01  0.00000000E+00  0.59884741E-01  0.71663127E-07  0.00000000E+00  0.00000000E+00  0.98237206E-02  0.00000000E+00  0.00000000E+00  0.00000000E+00
  0.00000000E+00  0.00000000E+00  0.56069539E-75  0.00000000E+00  0.91774506E-51  0.00000000E+00  0.00000000E+00  0.23584019E-31  0.00000000E+00  0.00000000E+00  0.98247049E-17  0.00000000E+00  0.00000000E+00  0.00000000E+00  0.71662906E-07  0.69708462E-01  0.00000000E+00  0.00000000E+00  0.11948162E-01  0.00000000E+00  0.00000000E+00  0.00000000E+00 -0.47508617E+00  0.00000000E+00  0.00000000E+00  0.00000000E+00  0.00000000E+00  0.00000000E+00  0.38360576E+00  0.00000000E+00  0.00000000E+00  0.00000000E+00  0.94021219E-02  0.00000000E+00  0.42159871E-03
  0.00000000E+00  0.50722229E-05  0.00000000E+00  0.00000000E+00  0.41652648E-03  0.00000000E+00  0.00000000E+00  0.00000000E+00  0.00000000E+00  0.94021219E-02  0.00000000E+00  0.00000000E+00  0.00000000E+00  0.00000000E+00  0.00000000E+00  0.00000000E+00  0.70732677E+00  0.00000000E+00  0.00000000E+00  0.11947587E-01  0.00000000E+00  0.00000000E+00  0.00000000E+00 -0.74104610E+00  0.00000000E+00  0.00000000E+00  0.11947949E-01  0.00000000E+00  0.00000000E+00  0.71662906E-07  0.00000000E+00  0.00000000E+00  0.00000000E+00  0.00000000E+00  0.00000000E+00
  0.00000000E+00  0.00000000E+00  0.00000000E+00  0.00000000E+00  0.00000000E+00  0.42159871E-03  0.00000000E+00  0.00000000E+00  0.00000000E+00  0.00000000E+00  0.94021219E-02  0.00000000E+00  0.98246925E-17  0.00000000E+00  0.00000000E+00  0.00000000E+00  0.71662961E-07  0.38360576E+00  0.00000000E+00  0.00000000E+00  0.11947519E-01  0.00000000E+00  0.00000000E+00  0.00000000E+00 -0.48703311E+00  0.00000000E+00  0.00000000E+00  0.11947512E-01  0.00000000E+00  0.69708462E-01  0.71662906E-07  0.00000000E+00  0.00000000E+00  0.00000000E+00  0.00000000E+00
  0.00000000E+00  0.00000000E+00  0.00000000E+00  0.00000000E+00  0.00000000E+00  0.00000000E+00  0.91774918E-51  0.00000000E+00  0.00000000E+00  0.23584143E-31  0.00000000E+00  0.98237206E-02  0.00000000E+00  0.98247296E-17  0.00000000E+00  0.00000000E+00  0.00000000E+00  0.71663127E-07  0.59884741E-01  0.00000000E+00  0.00000000E+00  0.11947960E-01  0.00000000E+00  0.00000000E+00  0.00000000E+00 -0.16331254E+00  0.00000000E+00  0.00000000E+00  0.11947583E-01  0.00000000E+00  0.59884741E-01  0.00000000E+00  0.00000000E+00  0.98237206E-02  0.00000000E+00
  0.00000000E+00  0.00000000E+00  0.00000000E+00  0.50722229E-05  0.00000000E+00  0.00000000E+00  0.00000000E+00  0.41652648E-03  0.00000000E+00  0.00000000E+00  0.00000000E+00  0.00000000E+00  0.00000000E+00  0.94021219E-02  0.00000000E+00  0.00000000E+00  0.00000000E+00  0.00000000E+00  0.00000000E+00  0.71662851E-07  0.70732677E+00  0.00000000E+00  0.00000000E+00  0.11947515E-01  0.00000000E+00  0.00000000E+00 -0.74104589E+00  0.00000000E+00  0.00000000E+00  0.11947736E-01  0.00000000E+00  0.71662906E-07  0.00000000E+00  0.00000000E+00  0.00000000E+00
  0.00000000E+00  0.00000000E+00  0.00000000E+00  0.00000000E+00  0.00000000E+00  0.00000000E+00  0.00000000E+00  0.00000000E+00  0.42159871E-03  0.00000000E+00  0.00000000E+00  0.00000000E+00  0.23583895E-31  0.00000000E+00  0.94021219E-02  0.00000000E+00  0.98246678E-17  0.00000000E+00  0.00000000E+00  0.00000000E+00  0.71662795E-07  0.38360576E+00  0.00000000E+00  0.00000000E+00  0.11947728E-01  0.00000000E+00  0.00000000E+00 -0.48703334E+00  0.00000000E+00  0.00000000E+00  0.11947527E-01  0.69708462E-01  0.71663127E-07  0.00000000E+00  0.00000000E+00
  0.00000000E+00  0.00000000E+00  0.00000000E+00  0.00000000E+00  0.00000000E+00  0.00000000E+00  0.56069539E-75  0.00000000E+00  0.00000000E+00  0.91774506E-51  0.00000000E+00  0.00000000E+00  0.00000000E+00  0.23584019E-31  0.00000000E+00  0.98237206E-02  0.00000000E+00  0.98247049E-17  0.00000000E+00  0.00000000E+00  0.00000000E+00  0.71662906E-07  0.59884741E-01  0.00000000E+00  0.00000000E+00  0.11948162E-01  0.00000000E+00  0.00000000E+00 -0.15136516E+00  0.00000000E+00  0.00000000E+00  0.00000000E+00  0.59884741E-01  0.00000000E+00  0.98237206E-02
  0.00000000E+00  0.00000000E+00  0.00000000E+00  0.00000000E+00  0.00000000E+00  0.50722229E-05  0.00000000E+00  0.00000000E+00  0.00000000E+00  0.00000000E+00  0.41652648E-03  0.00000000E+00  0.00000000E+00  0.00000000E+00  0.00000000E+00  0.00000000E+00  0.00000000E+00  0.94021219E-02  0.00000000E+00  0.98246925E-17  0.00000000E+00  0.00000000E+00  0.00000000E+00  0.71662961E-07  0.70732677E+00  0.00000000E+00  0.11947519E-01  0.00000000E+00  0.00000000E+00 -0.74104567E+00  0.00000000E+00  0.11947512E-01  0.00000000E+00  0.71662906E-07  0.00000000E+00
  0.00000000E+00  0.00000000E+00  0.00000000E+00  0.00000000E+00  0.00000000E+00  0.00000000E+00  0.00000000E+00  0.00000000E+00  0.00000000E+00  0.00000000E+00  0.00000000E+00  0.42159871E-03  0.91774918E-51  0.00000000E+00  0.00000000E+00  0.00000000E+00  0.23584143E-31  0.00000000E+00  0.94021219E-02  0.00000000E+00  0.98247296E-17  0.00000000E+00  0.00000000E+00  0.00000000E+00  0.71663127E-07  0.38360576E+00  0.00000000E+00  0.11947960E-01  0.00000000E+00  0.00000000E+00 -0.48703356E+00  0.00000000E+00  0.11947583E-01  0.69708462E-01  0.00000000E+00
  0.00000000E+00  0.00000000E+00  0.00000000E+00  0.00000000E+00  0.00000000E+00  0.00000000E+00  0.00000000E+00  0.00000000E+00  0.50722229E-05  0.00000000E+00  0.00000000E+00  0.00000000E+00  0.00000000E+00  0.00000000E+00  0.41652648E-03  0.00000000E+00  0.00000000E+00  0.00000000E+00  0.00000000E+00  0.23583895E-31  0.00000000E+00  0.94021219E-02  0.00000000E+00  0.98246678E-17  0.00000000E+00  0.00000000E+00  0.71662795E-07  0.70732677E+00  0.00000000E+00  0.11947728E-01  0.00000000E+00 -0.74104589E+00  0.00000000E+00  0.11947527E-01  0.71663127E-07
  0.00000000E+00  0.00000000E+00  0.00000000E+00  0.00000000E+00  0.00000000E+00  0.00000000E+00  0.00000000E+00  0.00000000E+00  0.00000000E+00  0.00000000E+00  0.00000000E+00  0.00000000E+00  0.56069539E-75  0.00000000E+00  0.00000000E+00  0.42159871E-03  0.91774506E-51  0.00000000E+00  0.00000000E+00  0.00000000E+00  0.23584019E-31  0.00000000E+00  0.94021219E-02  0.00000000E+00  0.98247049E-17  0.00000000E+00  0.00000000E+00  0.71662906E-07  0.38360576E+00  0.00000000E+00  0.11948162E-01  0.00000000E+00 -0.47508617E+00  0.00000000E+00  0.69708462E-01
  0.00000000E+00  0.00000000E+00  0.00000000E+00  0.00000000E+00  0.00000000E+00  0.00000000E+00  0.00000000E+00  0.00000000E+00  0.00000000E+00  0.00000000E+00  0.00000000E+00  0.50722229E-05  0.00000000E+00  0.00000000E+00  0.00000000E+00  0.00000000E+00  0.00000000E+00  0.00000000E+00  0.41652648E-03  0.91774918E-51  0.00000000E+00  0.00000000E+00  0.00000000E+00  0.23584143E-31  0.00000000E+00  0.94021219E-02  0.98247296E-17  0.00000000E+00  0.00000000E+00  0.71663127E-07  0.70732677E+00  0.11947960E-01  0.00000000E+00 -0.74104611E+00  0.11947583E-01
  0.00000000E+00  0.00000000E+00  0.00000000E+00  0.00000000E+00  0.00000000E+00  0.00000000E+00  0.00000000E+00  0.00000000E+00  0.00000000E+00  0.00000000E+00  0.00000000E+00  0.00000000E+00  0.00000000E+00  0.00000000E+00  0.00000000E+00  0.50722229E-05  0.00000000E+00  0.00000000E+00  0.00000000E+00  0.56069539E-75  0.00000000E+00  0.00000000E+00  0.41652648E-03  0.91774506E-51  0.00000000E+00  0.00000000E+00  0.23584019E-31  0.00000000E+00  0.94021219E-02  0.98247049E-17  0.00000000E+00  0.71662906E-07  0.70732677E+00  0.11948162E-01 -0.72909873E+00
