  0.46146225E+00  0.55051483E-02  0.43649842E+00  0.24784592E-04  0.52073350E-02  0.49818410E-07  0.86729529E-01  0.23443814E-04  0.38064929E-10  0.10346652E-02  0.47123372E-07  0.89718394E-15  0.31784926E-02  0.46581405E-05  0.36005722E-10  0.80345627E-20  0.37918754E-04  0.93631217E-08  0.84864877E-15  0.28960893E-03  0.17071308E-06  0.71541136E-11  0.75999152E-20  0.34549741E-05  0.34314280E-09  0.16862125E-15  0.15554553E-07  0.26218634E-12  0.15100560E-20  0.31265518E-10  0.61796876E-17  0.23889155E-13  0.55341035E-22  0.56306335E-18  0.50424084E-23
  0.55048819E-02  0.45598222E+00  0.52070831E-02  0.54803487E-02  0.43131484E+00  0.24734075E-04  0.10346151E-02  0.51838770E-02  0.49777932E-07  0.85699584E-01  0.23396030E-04  0.38062250E-10  0.37916919E-04  0.10300042E-02  0.47085084E-07  0.89716006E-15  0.31407469E-02  0.46486461E-05  0.36003188E-10  0.34548069E-05  0.37747937E-04  0.93555142E-08  0.84862619E-15  0.28616972E-03  0.17036513E-06  0.71536102E-11  0.34394101E-05  0.34286400E-09  0.16861676E-15  0.15522850E-07  0.26216789E-12  0.31240115E-10  0.61795231E-17  0.23887474E-13  0.56304836E-18
  0.44113648E-01  0.52626661E-03  0.62493609E+00  0.23692919E-05  0.74553571E-02  0.47624086E-08  0.30364649E+00  0.33564579E-04  0.36388304E-11  0.36224393E-02  0.67466672E-07  0.85766617E-16  0.13819698E-01  0.16308494E-04  0.51549499E-10  0.76806688E-21  0.16486611E-03  0.32780981E-07  0.12150130E-14  0.16423741E-02  0.74223965E-06  0.25047081E-10  0.10880821E-19  0.19593180E-04  0.14919430E-08  0.59035546E-15  0.88209971E-07  0.11399542E-11  0.52868177E-20  0.17730695E-09  0.26868527E-16  0.13547555E-12  0.24061606E-21  0.31931358E-17  0.28595530E-22
  0.24782497E-04  0.54801500E-02  0.23441833E-04  0.45598226E+00  0.51836890E-02  0.54802519E-02  0.46577468E-05  0.43131489E+00  0.24733173E-04  0.10299669E-02  0.51837854E-02  0.49776182E-07  0.17069865E-06  0.85699593E-01  0.23395177E-04  0.38061773E-10  0.37746568E-04  0.10299860E-02  0.47083428E-07  0.15553239E-07  0.31407472E-02  0.46484765E-05  0.36002736E-10  0.34392854E-05  0.37747270E-04  0.93551852E-08  0.28616975E-03  0.17035891E-06  0.71535204E-11  0.34393493E-05  0.34285194E-09  0.15522283E-07  0.26216460E-12  0.31239016E-10  0.23887174E-13
  0.52624114E-03  0.43589782E-01  0.74549963E-02  0.52389588E-03  0.61751474E+00  0.23644627E-05  0.36222640E-02  0.74217721E-02  0.47585391E-08  0.30004058E+00  0.33496166E-04  0.36385744E-11  0.16485813E-03  0.36061209E-02  0.67411855E-07  0.85764334E-16  0.13655584E-01  0.16275254E-04  0.51545872E-10  0.19592232E-04  0.16412342E-03  0.32754347E-07  0.12149806E-14  0.16228703E-02  0.74072679E-06  0.25045318E-10  0.19504917E-04  0.14907308E-08  0.59033974E-15  0.88030179E-07  0.11398740E-11  0.17716289E-09  0.26867812E-16  0.13546602E-12  0.31930509E-17
  0.49813310E-07  0.24732732E-04  0.47118548E-07  0.54801525E-02  0.23394760E-04  0.45598236E+00  0.93621633E-08  0.51836915E-02  0.54801491E-02  0.46483936E-05  0.43131498E+00  0.24732739E-04  0.34310768E-09  0.10299673E-02  0.51836882E-02  0.49813311E-07  0.17035588E-06  0.85699612E-01  0.23394767E-04  0.31262318E-10  0.37746586E-04  0.10299667E-02  0.47118549E-07  0.15522006E-07  0.31407479E-02  0.46483951E-05  0.34392870E-05  0.37746562E-04  0.93621634E-08  0.28616981E-03  0.17035593E-06  0.34392848E-05  0.34310768E-09  0.15522011E-07  0.31262318E-10
  0.82462229E-02  0.98375717E-04  0.49421225E-01  0.44289489E-06  0.58958489E-03  0.89024338E-09  0.87282340E+00  0.26543556E-05  0.68021141E-12  0.10412601E-01  0.53354025E-08  0.16032468E-16  0.49421225E-01  0.46878314E-04  0.40766399E-11  0.14357576E-21  0.58958489E-03  0.94228020E-07  0.96085712E-16  0.82462229E-02  0.26543556E-05  0.71997137E-10  0.86047760E-21  0.98375717E-04  0.53354025E-08  0.16969603E-14  0.44289489E-06  0.40766399E-11  0.15196811E-19  0.89024338E-09  0.96085712E-16  0.68021141E-12  0.86047760E-21  0.16032468E-16  0.14357576E-21
  0.23690916E-05  0.52387688E-03  0.33561741E-04  0.43589786E-01  0.74215030E-02  0.52388662E-03  0.16307116E-04  0.61751481E+00  0.23643764E-05  0.36059901E-02  0.74216410E-02  0.47583718E-08  0.74217690E-06  0.30004061E+00  0.33494944E-04  0.36385287E-11  0.16411747E-03  0.36060572E-02  0.67409485E-07  0.88202515E-07  0.13655585E-01  0.16274660E-04  0.51545225E-10  0.19504209E-04  0.16412052E-03  0.32753195E-07  0.16228705E-02  0.74069976E-06  0.25045004E-10  0.19504572E-04  0.14906784E-08  0.88026967E-07  0.11398597E-11  0.17715666E-09  0.13546432E-12
  0.38061748E-10  0.49776135E-07  0.36002713E-10  0.24733173E-04  0.47083385E-07  0.54802485E-02  0.71535158E-11  0.23395177E-04  0.45598226E+00  0.93551765E-08  0.51837822E-02  0.54801550E-02  0.26216443E-12  0.46484765E-05  0.43131489E+00  0.24782512E-04  0.34285162E-09  0.10299854E-02  0.51836938E-02  0.23887159E-13  0.17035891E-06  0.85699593E-01  0.23441847E-04  0.31238987E-10  0.37747247E-04  0.10299678E-02  0.15522283E-07  0.31407472E-02  0.46577497E-05  0.34393472E-05  0.37746603E-04  0.28616975E-03  0.17069876E-06  0.34392886E-05  0.15553248E-07
  0.98370957E-04  0.81482960E-02  0.58955636E-03  0.97932554E-04  0.48834330E-01  0.44199216E-06  0.10412097E-01  0.58692893E-03  0.88952006E-09  0.86245831E+00  0.26489454E-05  0.68016355E-12  0.58955636E-03  0.10365694E-01  0.53310675E-08  0.16032041E-16  0.48834330E-01  0.46782765E-04  0.40763530E-11  0.98370957E-04  0.58692893E-03  0.94151460E-07  0.96083155E-16  0.81482960E-02  0.26489454E-05  0.71992071E-10  0.97932554E-04  0.53310675E-08  0.16969152E-14  0.44199216E-06  0.40763530E-11  0.88952006E-09  0.96083155E-16  0.68016355E-12  0.16032041E-16
  0.47619211E-08  0.23643343E-05  0.67459766E-07  0.52387713E-03  0.33494347E-04  0.43589796E-01  0.32777626E-07  0.74215065E-02  0.52387680E-03  0.16274370E-04  0.61751494E+00  0.23643350E-05  0.14917903E-08  0.36059918E-02  0.74215019E-02  0.47619211E-08  0.74068655E-06  0.30004068E+00  0.33494357E-04  0.17728880E-09  0.16411755E-03  0.36059896E-02  0.67459766E-07  0.88025397E-07  0.13655588E-01  0.16274375E-04  0.19504218E-04  0.16411744E-03  0.32777626E-07  0.16228708E-02  0.74068678E-06  0.19504206E-04  0.14917903E-08  0.88025424E-07  0.17728880E-09
  0.89716025E-15  0.38062251E-10  0.84862637E-15  0.49777979E-07  0.36003189E-10  0.24734083E-04  0.16861680E-15  0.47085128E-07  0.54803537E-02  0.71536104E-11  0.23396038E-04  0.45598221E+00  0.61795244E-17  0.93555230E-08  0.51838818E-02  0.55048802E-02  0.26216789E-12  0.46486476E-05  0.43131484E+00  0.56304848E-18  0.34286432E-09  0.10300052E-02  0.52070814E-02  0.23887475E-13  0.17036518E-06  0.85699584E-01  0.31240144E-10  0.37747972E-04  0.10346148E-02  0.15522854E-07  0.31407468E-02  0.34394133E-05  0.37916907E-04  0.28616972E-03  0.34548058E-05
  0.16423741E-02  0.19593180E-04  0.13819698E-01  0.88209971E-07  0.16486611E-03  0.17730695E-09  0.30364649E+00  0.74223965E-06  0.13547555E-12  0.36224393E-02  0.14919430E-08  0.31931358E-17  0.62493609E+00  0.16308494E-04  0.11399542E-11  0.28595530E-22  0.74553571E-02  0.32780981E-07  0.26868527E-16  0.44113648E-01  0.33564579E-04  0.25047081E-10  0.24061606E-21  0.52626661E-03  0.67466672E-07  0.59035546E-15  0.23692919E-05  0.51549499E-10  0.52868177E-20  0.47624086E-08  0.12150130E-14  0.36388304E-11  0.10880821E-19  0.85766617E-16  0.76806688E-21
  0.44285745E-06  0.97929003E-04  0.26541312E-05  0.81482968E-02  0.58690765E-03  0.97930824E-04  0.46874351E-04  0.48834335E-01  0.44197604E-06  0.10365318E-01  0.58691856E-03  0.88948877E-09  0.26541312E-05  0.86245840E+00  0.26488487E-05  0.68015501E-12  0.58690765E-03  0.10365511E-01  0.53308800E-08  0.44285745E-06  0.48834335E-01  0.46781058E-04  0.40763018E-11  0.97929003E-04  0.58691856E-03  0.94148149E-07  0.81482968E-02  0.26488487E-05  0.71991167E-10  0.97930824E-04  0.53308800E-08  0.44197604E-06  0.40763018E-11  0.88948877E-09  0.68015501E-12
  0.36385263E-11  0.47583674E-08  0.51545191E-10  0.23643764E-05  0.67409422E-07  0.52388630E-03  0.25044988E-10  0.33494944E-04  0.43589786E-01  0.32753165E-07  0.74216364E-02  0.52387737E-03  0.11398589E-11  0.16274660E-04  0.61751480E+00  0.23690931E-05  0.14906770E-08  0.36060550E-02  0.74215099E-02  0.13546423E-12  0.74069976E-06  0.30004061E+00  0.33561762E-04  0.17715650E-09  0.16412042E-03  0.36059935E-02  0.88026967E-07  0.13655585E-01  0.16307126E-04  0.19504560E-04  0.16411762E-03  0.16228705E-02  0.74217736E-06  0.19504227E-04  0.88202570E-07
  0.80346802E-20  0.89718434E-15  0.76000263E-20  0.38064953E-10  0.84864915E-15  0.49818410E-07  0.15100781E-20  0.36005745E-10  0.24784607E-04  0.16862132E-15  0.47123372E-07  0.55051466E-02  0.55341844E-22  0.71541181E-11  0.23443829E-04  0.46146225E+00  0.61796904E-17  0.93631218E-08  0.52073334E-02  0.50424821E-23  0.26218650E-12  0.46581434E-05  0.43649842E+00  0.56306360E-18  0.34314280E-09  0.10346649E-02  0.23889170E-13  0.17071319E-06  0.86729529E-01  0.31265518E-10  0.37918742E-04  0.15554563E-07  0.31784926E-02  0.34549730E-05  0.28960893E-03
  0.19592232E-04  0.16228703E-02  0.16485813E-03  0.19504917E-04  0.13655584E-01  0.88030179E-07  0.36222640E-02  0.16412342E-03  0.17716289E-09  0.30004058E+00  0.74072679E-06  0.13546602E-12  0.74549963E-02  0.36061209E-02  0.14907308E-08  0.31930509E-17  0.61751474E+00  0.16275254E-04  0.11398740E-11  0.52624114E-03  0.74217721E-02  0.32754347E-07  0.26867812E-16  0.43589782E-01  0.33496166E-04  0.25045318E-10  0.52389588E-03  0.67411855E-07  0.59033974E-15  0.23644627E-05  0.51545872E-10  0.47585391E-08  0.12149806E-14  0.36385744E-11  0.85764334E-16
  0.89015225E-09  0.44196816E-06  0.53348563E-08  0.97929049E-04  0.26488015E-05  0.81482986E-02  0.94218375E-07  0.58690792E-03  0.97928988E-04  0.46780224E-04  0.48834345E-01  0.44196829E-06  0.53348563E-08  0.10365323E-01  0.58690755E-03  0.89015226E-09  0.26488015E-05  0.86245859E+00  0.26488023E-05  0.89015225E-09  0.58690792E-03  0.10365317E-01  0.53348564E-08  0.44196816E-06  0.48834345E-01  0.46780238E-04  0.97929049E-04  0.58690755E-03  0.94218375E-07  0.81482986E-02  0.26488023E-05  0.97928988E-04  0.53348564E-08  0.44196829E-06  0.89015226E-09
  0.85764353E-16  0.36385744E-11  0.12149809E-14  0.47585436E-08  0.51545873E-10  0.23644634E-05  0.59033987E-15  0.67411918E-07  0.52389636E-03  0.25045319E-10  0.33496177E-04  0.43589782E-01  0.26867818E-16  0.32754378E-07  0.74217790E-02  0.52624098E-03  0.11398740E-11  0.16275259E-04  0.61751474E+00  0.31930515E-17  0.14907322E-08  0.36061242E-02  0.74549940E-02  0.13546602E-12  0.74072702E-06  0.30004058E+00  0.17716306E-09  0.16412357E-03  0.36222629E-02  0.88030206E-07  0.13655584E-01  0.19504935E-04  0.16485808E-03  0.16228703E-02  0.19592226E-04
  0.28960893E-03  0.34549741E-05  0.31784926E-02  0.15554553E-07  0.37918754E-04  0.31265518E-10  0.86729529E-01  0.17071308E-06  0.23889155E-13  0.10346652E-02  0.34314280E-09  0.56306335E-18  0.43649842E+00  0.46581405E-05  0.26218634E-12  0.50424084E-23  0.52073350E-02  0.93631217E-08  0.61796876E-17  0.46146225E+00  0.23443814E-04  0.71541136E-11  0.55341035E-22  0.55051483E-02  0.47123372E-07  0.16862125E-15  0.24784592E-04  0.36005722E-10  0.15100560E-20  0.49818410E-07  0.84864877E-15  0.38064929E-10  0.75999152E-20  0.89718394E-15  0.80345627E-20
  0.88202515E-07  0.19504209E-04  0.74217690E-06  0.16228705E-02  0.16411747E-03  0.19504572E-04  0.16307116E-04  0.13655585E-01  0.88026967E-07  0.36059901E-02  0.16412052E-03  0.17715666E-09  0.33561741E-04  0.30004061E+00  0.74069976E-06  0.13546432E-12  0.74215030E-02  0.36060572E-02  0.14906784E-08  0.23690916E-05  0.61751481E+00  0.16274660E-04  0.11398597E-11  0.52387688E-03  0.74216410E-02  0.32753195E-07  0.43589786E-01  0.33494944E-04  0.25045004E-10  0.52388662E-03  0.67409485E-07  0.23643764E-05  0.51545225E-10  0.47583718E-08  0.36385287E-11
  0.68015457E-12  0.88948794E-09  0.40762992E-11  0.44197604E-06  0.53308750E-08  0.97930763E-04  0.71991121E-10  0.26488487E-05  0.81482968E-02  0.94148061E-07  0.58691820E-03  0.97929094E-04  0.40762992E-11  0.46781058E-04  0.48834334E-01  0.44285772E-06  0.53308750E-08  0.10365505E-01  0.58690819E-03  0.68015457E-12  0.26488487E-05  0.86245839E+00  0.26541328E-05  0.88948794E-09  0.58691820E-03  0.10365328E-01  0.44197604E-06  0.48834334E-01  0.46874380E-04  0.97930763E-04  0.58690819E-03  0.81482968E-02  0.26541328E-05  0.97929094E-04  0.44285772E-06
  0.76807811E-21  0.85766656E-16  0.10880980E-19  0.36388327E-11  0.12150135E-14  0.47624086E-08  0.52868950E-20  0.51549532E-10  0.23692934E-05  0.59035572E-15  0.67466672E-07  0.52626644E-03  0.24061958E-21  0.25047096E-10  0.33564600E-04  0.44113648E-01  0.26868539E-16  0.32780982E-07  0.74553547E-02  0.28595948E-22  0.11399549E-11  0.16308504E-04  0.62493609E+00  0.31931373E-17  0.14919430E-08  0.36224381E-02  0.13547564E-12  0.74224010E-06  0.30364649E+00  0.17730695E-09  0.16486606E-03  0.88210026E-07  0.13819698E-01  0.19593174E-04  0.16423741E-02
  0.34548069E-05  0.28616972E-03  0.37916919E-04  0.34394101E-05  0.31407469E-02  0.15522850E-07  0.10346151E-02  0.37747937E-04  0.31240115E-10  0.85699584E-01  0.17036513E-06  0.23887474E-13  0.52070831E-02  0.10300042E-02  0.34286400E-09  0.56304836E-18  0.43131484E+00  0.46486461E-05  0.26216789E-12  0.55048819E-02  0.51838770E-02  0.93555142E-08  0.61795231E-17  0.45598222E+00  0.23396030E-04  0.71536102E-11  0.54803487E-02  0.47085084E-07  0.16861676E-15  0.24734075E-04  0.36003188E-10  0.49777932E-07  0.84862619E-15  0.38062250E-10  0.89716006E-15
  0.17728880E-09  0.88025397E-07  0.14917903E-08  0.19504218E-04  0.74068655E-06  0.16228708E-02  0.32777626E-07  0.16411755E-03  0.19504206E-04  0.16274370E-04  0.13655588E-01  0.88025424E-07  0.67459766E-07  0.36059918E-02  0.16411744E-03  0.17728880E-09  0.33494347E-04  0.30004068E+00  0.74068678E-06  0.47619211E-08  0.74215065E-02  0.36059896E-02  0.14917903E-08  0.23643343E-05  0.61751494E+00  0.16274375E-04  0.52387713E-03  0.74215019E-02  0.32777626E-07  0.43589796E-01  0.33494357E-04  0.52387680E-03  0.67459766E-07  0.23643350E-05  0.47619211E-08
  0.16032045E-16  0.68016356E-12  0.96083175E-16  0.88952089E-09  0.40763531E-11  0.44199230E-06  0.16969155E-14  0.53310724E-08  0.97932645E-04  0.71992072E-10  0.26489462E-05  0.81482959E-02  0.96083175E-16  0.94151548E-07  0.58692947E-03  0.98370926E-04  0.40763531E-11  0.46782779E-04  0.48834329E-01  0.16032045E-16  0.53310724E-08  0.10365704E-01  0.58955618E-03  0.68016356E-12  0.26489462E-05  0.86245830E+00  0.88952089E-09  0.58692947E-03  0.10412094E-01  0.44199230E-06  0.48834329E-01  0.97932645E-04  0.58955618E-03  0.81482959E-02  0.98370926E-04
  0.15553239E-07  0.34392854E-05  0.17069865E-06  0.28616975E-03  0.37746568E-04  0.34393493E-05  0.46577468E-05  0.31407472E-02  0.15522283E-07  0.10299669E-02  0.37747270E-04  0.31239016E-10  0.23441833E-04  0.85699593E-01  0.17035891E-06  0.23887174E-13  0.51836890E-02  0.10299860E-02  0.34285194E-09  0.24782497E-04  0.43131489E+00  0.46484765E-05  0.26216460E-12  0.54801500E-02  0.51837854E-02  0.93551852E-08  0.45598226E+00  0.23395177E-04  0.71535204E-11  0.54802519E-02  0.47083428E-07  0.24733173E-04  0.36002736E-10  0.49776182E-07  0.38061773E-10
  0.13546423E-12  0.17715650E-09  0.11398589E-11  0.88026967E-07  0.14906770E-08  0.19504560E-04  0.25044988E-10  0.74069976E-06  0.16228705E-02  0.32753165E-07  0.16412042E-03  0.19504227E-04  0.51545191E-10  0.16274660E-04  0.13655585E-01  0.88202570E-07  0.67409422E-07  0.36060550E-02  0.16411762E-03  0.36385263E-11  0.33494944E-04  0.30004061E+00  0.74217736E-06  0.47583674E-08  0.74216364E-02  0.36059935E-02  0.23643764E-05  0.61751480E+00  0.16307126E-04  0.52388630E-03  0.74215099E-02  0.43589786E-01  0.33561762E-04  0.52387737E-03  0.23690931E-05
  0.14357786E-21  0.16032475E-16  0.86049019E-21  0.68021184E-12  0.96085755E-16  0.89024338E-09  0.15197033E-19  0.40766424E-11  0.44289516E-06  0.16969611E-14  0.53354025E-08  0.98375687E-04  0.86049019E-21  0.71997183E-10  0.26543572E-05  0.82462229E-02  0.96085755E-16  0.94228021E-07  0.58958471E-03  0.14357786E-21  0.40766424E-11  0.46878343E-04  0.49421225E-01  0.16032475E-16  0.53354025E-08  0.10412598E-01  0.68021184E-12  0.26543572E-05  0.87282341E+00  0.89024338E-09  0.58958471E-03  0.44289516E-06  0.49421225E-01  0.98375687E-04  0.82462229E-02
  0.31262318E-10  0.15522006E-07  0.34310768E-09  0.34392870E-05  0.17035588E-06  0.28616981E-03  0.93621633E-08  0.37746586E-04  0.34392848E-05  0.46483936E-05  0.31407479E-02  0.15522011E-07  0.47118548E-07  0.10299673E-02  0.37746562E-04  0.31262318E-10  0.23394760E-04  0.85699612E-01  0.17035593E-06  0.49813310E-07  0.51836915E-02  0.10299667E-02  0.34310768E-09  0.24732732E-04  0.43131498E+00  0.46483951E-05  0.54801525E-02  0.51836882E-02  0.93621634E-08  0.45598236E+00  0.23394767E-04  0.54801491E-02  0.47118549E-07  0.24732739E-04  0.49813311E-07
  0.31930515E-17  0.13546602E-12  0.26867818E-16  0.17716306E-09  0.11398740E-11  0.88030206E-07  0.59033987E-15  0.14907322E-08  0.19504935E-04  0.25045319E-10  0.74072702E-06  0.16228703E-02  0.12149809E-14  0.32754378E-07  0.16412357E-03  0.19592226E-04  0.51545873E-10  0.16275259E-04  0.13655584E-01  0.85764353E-16  0.67411918E-07  0.36061242E-02  0.16485808E-03  0.36385744E-11  0.33496177E-04  0.30004058E+00  0.47585436E-08  0.74217790E-02  0.36222629E-02  0.23644634E-05  0.61751474E+00  0.52389636E-03  0.74549940E-02  0.43589782E-01  0.52624098E-03
  0.23887159E-13  0.31238987E-10  0.26216443E-12  0.15522283E-07  0.34285162E-09  0.34393472E-05  0.71535158E-11  0.17035891E-06  0.28616975E-03  0.93551765E-08  0.37747247E-04  0.34392886E-05  0.36002713E-10  0.46484765E-05  0.31407472E-02  0.15553248E-07  0.47083385E-07  0.10299854E-02  0.37746603E-04  0.38061748E-10  0.23395177E-04  0.85699593E-01  0.17069876E-06  0.49776135E-07  0.51837822E-02  0.10299678E-02  0.24733173E-04  0.43131489E+00  0.46577497E-05  0.54802485E-02  0.51836938E-02  0.45598226E+00  0.23441847E-04  0.54801550E-02  0.24782512E-04
  0.28595948E-22  0.31931373E-17  0.24061958E-21  0.13547564E-12  0.26868539E-16  0.17730695E-09  0.52868950E-20  0.11399549E-11  0.88210026E-07  0.59035572E-15  0.14919430E-08  0.19593174E-04  0.10880980E-19  0.25047096E-10  0.74224010E-06  0.16423741E-02  0.12150135E-14  0.32780982E-07  0.16486606E-03  0.76807811E-21  0.51549532E-10  0.16308504E-04  0.13819698E-01  0.85766656E-16  0.67466672E-07  0.36224381E-02  0.36388327E-11  0.33564600E-04  0.30364649E+00  0.47624086E-08  0.74553547E-02  0.23692934E-05  0.62493609E+00  0.52626644E-03  0.44113648E-01
  0.56304848E-18  0.23887475E-13  0.61795244E-17  0.31240144E-10  0.26216789E-12  0.15522854E-07  0.16861680E-15  0.34286432E-09  0.34394133E-05  0.71536104E-11  0.17036518E-06  0.28616972E-03  0.84862637E-15  0.93555230E-08  0.37747972E-04  0.34548058E-05  0.36003189E-10  0.46486476E-05  0.31407468E-02  0.89716025E-15  0.47085128E-07  0.10300052E-02  0.37916907E-04  0.38062251E-10  0.23396038E-04  0.85699584E-01  0.49777979E-07  0.51838818E-02  0.10346148E-02  0.24734083E-04  0.43131484E+00  0.54803537E-02  0.52070814E-02  0.45598221E+00  0.55048802E-02
  0.50424821E-23  0.56306360E-18  0.55341844E-22  0.23889170E-13  0.61796904E-17  0.31265518E-10  0.15100781E-20  0.26218650E-12  0.15554563E-07  0.16862132E-15  0.34314280E-09  0.34549730E-05  0.76000263E-20  0.71541181E-11  0.17071319E-06  0.28960893E-03  0.84864915E-15  0.93631218E-08  0.37918742E-04  0.80346802E-20  0.36005745E-10  0.46581434E-05  0.31784926E-02  0.89718434E-15  0.47123372E-07  0.10346649E-02  0.38064953E-10  0.23443829E-04  0.86729529E-01  0.49818410E-07  0.52073334E-02  0.24784607E-04  0.43649842E+00  0.55051466E-02  0.46146225E+00
